100
4 3
10 13 8
3 4
6 1 7 4
4 6
11 9 5 12 8 6
1 1
1
1 100
1 1 1 1 1 1 1 1 1 1 1 1 1 1 1 1 1 1 1 1 1 1 1 1 1 1 1 1 1 1 1 1 1 1 1 1 1 1 1 1 1 1 1 1 1 1 1 1 1 1 1 1 1 1 1 1 1 1 1 1 1 1 1 1 1 1 1 1 1 1 1 1 1 1 1 1 1 1 1 1 1 1 1 1 1 1 1 1 1 1 1 1 1 1 1 1 1 1 1 1
2 1
1
2 4
1 2 3 4
10 1
1
10 1
100
10 100
100 100 100 100 100 100 100 100 100 100 100 100 100 100 100 100 100 100 100 100 100 100 100 100 100 100 100 100 100 100 100 100 100 100 100 100 100 100 100 100 100 100 100 100 100 100 100 100 100 100 100 100 100 100 100 100 100 100 100 100 100 100 100 100 100 100 100 100 100 100 100 100 100 100 100 100 100 100 100 100 100 100 100 100 100 100 100 100 100 100 100 100 100 100 100 100 100 100 100 100
10 100
1 1 1 1 1 1 1 1 1 1 1 1 1 1 1 1 1 1 1 1 1 1 1 1 1 1 1 1 1 1 1 1 1 1 1 1 1 1 1 1 1 1 1 1 1 1 1 1 1 1 1 1 1 1 1 1 1 1 1 1 1 1 1 1 1 1 1 1 1 1 1 1 1 1 1 1 1 1 1 1 1 1 1 1 1 1 1 1 1 1 1 1 1 1 1 1 1 1 1 1
10 100
1 2 3 4 5 6 7 8 9 10 11 12 13 14 15 16 17 18 19 20 21 22 23 24 25 26 27 28 29 30 31 32 33 34 35 36 37 38 39 40 41 42 43 44 45 46 47 48 49 50 51 52 53 54 55 56 57 58 59 60 61 62 63 64 65 66 67 68 69 70 71 72 73 74 75 76 77 78 79 80 81 82 83 84 85 86 87 88 89 90 91 92 93 94 95 96 97 98 99 100
10 55
1 2 3 4 5 6 7 8 9 10 11 12 13 14 15 16 17 18 19 20 21 22 23 24 25 26 27 28 29 30 31 32 33 34 35 36 37 38 39 40 41 42 43 44 45 46 47 48 49 50 51 52 53 54 55
9 1
81
9 1
1
9 100
81 81 81 81 81 81 81 81 81 81 81 81 81 81 81 81 81 81 81 81 81 81 81 81 81 81 81 81 81 81 81 81 81 81 81 81 81 81 81 81 81 81 81 81 81 81 81 81 81 81 81 81 81 81 81 81 81 81 81 81 81 81 81 81 81 81 81 81 81 81 81 81 81 81 81 81 81 81 81 81 81 81 81 81 81 81 81 81 81 81 81 81 81 81 81 81 81 81 81 81
9 100
1 1 1 1 1 1 1 1 1 1 1 1 1 1 1 1 1 1 1 1 1 1 1 1 1 1 1 1 1 1 1 1 1 1 1 1 1 1 1 1 1 1 1 1 1 1 1 1 1 1 1 1 1 1 1 1 1 1 1 1 1 1 1 1 1 1 1 1 1 1 1 1 1 1 1 1 1 1 1 1 1 1 1 1 1 1 1 1 1 1 1 1 1 1 1 1 1 1 1 1
8 55
1 2 3 4 5 6 7 8 9 10 11 12 13 14 15 16 17 18 19 20 21 22 23 24 25 26 27 28 29 30 31 32 33 34 35 36 37 38 39 40 41 42 43 44 45 46 47 48 49 50 51 52 53 54 55
2 44
1 2 3 2 2 1 1 2 3 2 3 2 3 2 1 1 2 2 3 3 1 1 3 3 3 2 2 2 3 1 1 1 3 1 2 2 2 2 1 1 1 3 3 2
6 21
31 16 4 27 22 16 2 24 33 26 2 32 31 21 5 13 32 6 27 5 4
3 1
8
1 82
1 1 1 1 1 1 1 1 1 1 1 1 1 1 1 1 1 1 1 1 1 1 1 1 1 1 1 1 1 1 1 1 1 1 1 1 1 1 1 1 1 1 1 1 1 1 1 1 1 1 1 1 1 1 1 1 1 1 1 1 1 1 1 1 1 1 1 1 1 1 1 1 1 1 1 1 1 1 1 1 1 1
3 88
3 5 4 7 8 1 5 3 5 1 4 4 3 8 5 5 5 1 4 5 3 3 7 4 4 3 3 3 4 2 2 7 6 5 5 5 6 1 7 2 2 2 5 4 1 2 8 6 2 4 2 4 6 8 8 1 2 2 3 6 3 4 4 1 1 8 5 6 8 4 7 1 5 4 5 6 5 4 3 6 7 4 2 4 4 1 5 5
2 96
2 2 3 2 1 2 3 3 1 1 3 2 1 2 2 3 3 2 3 3 1 2 3 2 3 2 1 2 3 3 1 1 1 1 3 2 2 2 3 3 3 2 2 2 1 1 1 1 3 1 3 1 1 3 3 3 2 3 2 1 3 3 3 2 1 3 1 3 2 1 1 2 3 3 3 1 3 1 2 3 2 2 3 2 1 2 2 1 2 3 1 3 2 1 1 3
6 56
3 24 15 3 23 10 31 22 33 30 20 11 4 2 4 17 27 16 19 5 11 24 5 27 20 27 25 14 29 24 6 31 12 32 10 11 6 5 32 3 12 28 26 27 30 29 8 33 9 3 15 20 27 31 23 23
4 97
14 13 2 11 15 5 7 15 5 2 6 3 6 4 3 6 10 14 1 5 8 15 12 2 1 15 8 13 3 6 11 1 3 5 11 3 9 9 9 6 10 6 15 7 10 2 13 11 15 5 15 15 4 12 1 11 11 8 15 5 14 11 12 8 15 14 2 15 7 10 5 8 8 12 15 2 13 4 4 5 8 4 4 4 7 4 14 9 4 14 14 9 1 10 8 7 9
7 42
31 13 6 42 47 8 26 4 18 30 29 7 22 33 29 8 21 22 34 29 13 39 34 13 33 45 44 3 45 5 39 27 34 44 20 48 3 13 4 21 42 48
1 26
1 1 1 1 1 1 1 1 1 1 1 1 1 1 1 1 1 1 1 1 1 1 1 1 1 1
6 69
20 10 33 1 3 30 25 25 10 1 25 34 21 13 26 24 27 25 35 3 14 13 1 29 20 5 31 18 1 27 25 32 13 22 33 16 28 34 17 2 35 6 1 32 18 3 20 21 27 20 23 5 9 1 34 28 17 6 22 17 10 12 13 34 10 22 26 3 21
7 94
48 2 26 20 33 47 31 20 9 27 13 40 27 26 46 3 36 42 45 10 28 17 35 23 11 5 9 34 31 5 26 30 22 20 18 7 18 16 26 27 42 6 34 20 32 31 22 35 40 34 13 20 3 47 42 13 19 18 14 2 22 7 47 44 26 32 18 44 47 11 38 8 16 23 43 15 21 32 18 28 18 30 47 36 44 8 16 14 42 45 31 15 3 30
5 35
5 11 16 4 21 5 3 5 19 22 19 7 5 4 10 14 9 1 1 4 24 8 10 17 4 16 24 23 21 17 19 18 4 10 21
4 60
15 2 1 6 10 5 14 4 9 1 8 3 8 3 6 4 15 2 14 7 4 9 10 15 4 15 3 13 6 9 10 6 3 10 3 12 6 8 7 14 9 14 9 1 2 6 4 8 7 9 6 11 9 1 10 12 7 4 1 5
4 70
2 6 11 4 9 1 12 1 15 5 6 8 12 14 13 7 7 11 1 12 6 1 4 7 13 3 2 5 7 6 15 8 3 10 11 4 3 14 11 9 3 1 1 14 15 5 13 13 15 13 1 13 5 5 4 9 7 6 14 5 3 13 4 12 14 14 15 8 13 10
4 10
3 1 13 2 12 10 14 12 14 14
6 3
35 9 2
8 85
22 61 43 47 28 52 52 24 61 9 7 63 12 61 26 8 5 31 25 59 51 19 33 32 22 27 37 17 33 8 47 54 6 27 35 31 13 23 54 8 31 58 7 43 54 30 50 58 60 9 54 45 28 21 14 49 47 50 2 16 55 47 4 58 8 38 26 18 61 14 25 26 7 32 5 60 59 52 52 54 61 40 35 23 61
1 17
1 1 1 1 1 1 1 1 1 1 1 1 1 1 1 1 1
8 66
8 58 22 52 59 14 59 34 37 13 29 51 37 54 55 3 57 51 62 43 37 52 38 14 21 60 11 4 3 52 33 10 44 52 61 40 1 54 8 37 1 36 22 37 24 13 38 15 61 34 58 35 20 32 48 40 27 58 41 29 44 9 38 25 60 33
1 94
1 1 1 1 1 1 1 1 1 1 1 1 1 1 1 1 1 1 1 1 1 1 1 1 1 1 1 1 1 1 1 1 1 1 1 1 1 1 1 1 1 1 1 1 1 1 1 1 1 1 1 1 1 1 1 1 1 1 1 1 1 1 1 1 1 1 1 1 1 1 1 1 1 1 1 1 1 1 1 1 1 1 1 1 1 1 1 1 1 1 1 1 1 1
3 98
5 3 1 5 2 7 6 4 1 7 6 1 6 6 4 5 8 7 6 6 7 8 7 6 8 2 6 3 2 3 5 6 5 5 3 7 3 8 2 3 6 8 3 4 5 7 8 4 5 6 2 4 5 8 1 4 1 7 6 3 1 2 8 6 6 2 4 8 1 5 3 7 4 5 2 1 3 1 4 8 6 5 3 2 5 3 5 5 1 2 7 2 3 7 7 8 8 2
2 1
2
2 70
3 3 2 2 3 1 2 1 3 3 3 3 1 3 3 2 2 3 2 1 2 2 1 2 3 2 1 1 3 3 2 2 3 3 1 2 2 3 2 1 3 2 1 3 2 1 2 3 1 3 1 2 2 1 1 3 3 2 3 3 1 3 2 3 3 3 2 1 3 3
2 65
2 3 2 1 3 1 1 1 1 3 3 3 1 1 2 1 2 3 1 3 2 2 3 2 2 1 3 1 2 2 3 3 2 2 3 2 3 2 3 1 1 3 3 1 3 2 1 2 1 1 1 3 1 1 1 2 2 1 1 1 3 1 3 2 3
7 72
48 44 16 15 18 12 48 12 9 31 35 23 44 6 44 43 10 4 3 22 36 3 40 6 12 16 23 11 37 21 44 4 32 11 18 1 38 18 29 46 16 15 20 12 36 32 22 14 3 24 35 38 43 26 43 6 9 33 32 14 6 44 17 37 6 3 38 12 36 34 25 3
7 40
30 3 44 4 16 14 27 2 3 21 43 45 43 20 45 26 33 2 21 1 7 43 19 12 6 6 45 46 9 12 10 6 30 21 9 14 34 36 15 36
9 41
80 2 77 13 12 61 46 64 13 52 10 48 47 79 53 11 77 45 54 54 67 20 11 75 49 76 62 63 80 38 24 79 71 20 43 34 32 9 18 45 12
3 81
3 2 8 5 6 5 3 3 7 6 5 1 6 1 7 4 8 4 4 6 2 7 1 4 7 1 5 3 4 7 6 6 8 5 3 5 1 5 8 7 2 4 8 7 4 6 2 3 1 5 1 2 4 1 5 2 1 1 4 4 8 1 2 7 5 4 4 6 8 3 4 1 6 3 7 2 8 8 4 8 5
8 60
13 17 32 6 49 58 12 33 20 14 21 19 52 19 44 48 22 56 42 11 25 60 26 43 34 9 51 2 17 50 25 29 1 55 32 50 49 43 17 5 54 37 21 43 55 63 27 13 55 3 21 14 63 44 56 33 50 42 32 4
1 28
1 1 1 1 1 1 1 1 1 1 1 1 1 1 1 1 1 1 1 1 1 1 1 1 1 1 1 1
3 37
6 4 2 4 1 6 7 2 2 5 2 1 2 6 2 8 3 5 3 2 8 6 3 3 3 5 1 6 2 1 2 7 4 4 2 5 1
4 61
12 11 13 2 10 4 11 14 13 12 6 3 5 11 6 2 4 11 15 15 15 12 14 9 8 14 12 13 13 10 8 1 5 5 2 6 15 12 5 13 1 2 7 12 4 13 13 7 8 12 6 14 15 11 7 14 10 4 11 14 13
3 75
5 4 3 4 5 4 8 3 5 3 7 6 2 4 1 7 6 6 7 7 5 4 4 3 8 8 2 4 2 1 2 6 4 4 2 8 7 1 2 3 4 1 8 5 4 8 4 2 5 2 8 2 5 3 4 4 3 5 7 4 5 8 2 1 4 3 8 2 3 2 5 6 2 4 3
9 42
30 30 16 23 61 49 4 16 20 47 26 57 54 21 13 21 78 5 8 24 21 2 27 38 6 8 39 9 50 51 28 79 1 44 22 61 44 57 28 64 23 53
5 19
10 12 17 15 17 8 23 5 9 1 2 22 24 8 23 18 10 10 16
4 51
5 13 11 8 5 11 3 5 12 10 15 12 8 9 2 4 7 4 4 5 8 15 6 7 11 6 12 9 9 6 6 6 3 8 13 15 3 15 4 6 10 3 9 2 11 11 12 10 14 8 6
5 40
5 2 24 1 17 11 13 2 11 13 8 3 1 16 18 1 14 15 23 19 6 3 22 22 22 20 3 23 13 7 12 10 1 11 2 17 21 14 10 8
9 79
10 59 9 20 59 31 26 73 1 63 35 54 28 64 1 71 62 46 69 41 71 21 35 8 46 64 62 15 63 71 32 24 1 41 75 59 23 53 51 23 35 6 29 15 21 29 5 3 26 25 43 48 46 78 56 43 13 69 57 27 11 41 50 12 33 77 70 55 49 73 29 3 78 9 17 18 38 21 20
5 42
7 7 19 12 6 5 16 10 21 2 20 5 3 23 21 7 13 3 15 5 24 10 2 24 2 11 5 7 7 4 4 13 2 14 24 7 18 7 16 14 24 11
5 26
2 23 9 14 18 23 18 9 24 11 24 2 21 5 24 19 24 3 7 17 16 22 23 1 20 6
5 40
8 16 21 9 15 21 14 8 19 7 16 19 9 15 12 6 11 11 16 2 13 23 18 20 12 16 20 24 13 1 18 21 17 6 5 23 2 19 6 13
8 46
62 20 57 43 23 24 14 5 14 57 10 2 61 4 63 30 7 61 12 15 18 62 31 11 3 6 35 12 24 41 3 22 60 58 1 17 16 12 19 29 5 29 30 2 30 28
2 63
1 3 3 1 1 1 2 2 1 2 2 1 3 2 2 3 3 3 1 3 1 1 2 2 3 2 2 2 3 3 2 3 2 3 3 1 3 1 3 3 2 1 1 2 2 3 1 2 3 2 2 3 1 1 3 3 3 1 3 2 1 2 1
6 91
30 32 35 32 31 11 35 20 20 22 29 13 30 22 6 34 5 13 5 23 27 25 11 25 24 24 4 30 7 22 6 1 30 17 32 25 27 8 21 12 30 14 1 1 13 6 34 29 31 16 16 22 17 3 24 5 26 4 11 9 2 16 9 31 32 17 20 1 2 17 24 31 8 24 31 32 7 6 25 2 33 5 35 26 7 35 30 9 3 6 17
4 33
2 6 7 15 12 14 11 14 7 8 11 5 15 2 11 1 11 14 5 12 6 6 10 10 2 8 10 4 6 5 7 7 11
2 48
2 3 3 3 3 1 2 2 1 1 2 2 3 3 1 2 3 3 2 2 3 1 3 3 3 1 1 1 3 2 1 2 2 1 2 1 1 1 1 2 2 2 1 2 2 2 1 2
2 25
3 1 1 2 2 2 3 2 2 3 2 3 2 1 3 1 3 2 1 3 3 1 1 1 2
8 27
27 33 28 24 24 57 32 26 49 39 59 57 29 50 38 44 13 57 5 19 14 27 6 1 54 54 10
4 20
6 15 7 3 13 7 15 15 9 5 10 9 10 10 7 5 12 9 6 5
2 57
1 1 2 1 1 2 2 2 3 2 2 1 2 3 2 2 2 2 3 3 1 1 1 2 3 3 2 2 2 1 3 3 2 1 1 1 1 3 2 3 2 1 1 1 3 3 3 2 2 3 2 2 1 2 2 1 3
6 93
11 11 32 2 25 16 24 4 17 3 33 15 16 31 10 27 29 27 28 6 27 16 27 25 25 15 27 29 22 31 9 32 18 5 34 19 32 34 23 26 13 20 5 29 27 26 32 20 17 24 2 9 16 28 10 18 20 1 23 18 8 31 27 2 12 25 20 20 35 7 10 25 3 26 18 29 17 14 25 33 14 27 18 29 31 4 11 15 16 10 33 35 5
5 17
1 4 13 19 21 23 14 13 6 17 13 17 11 1 17 11 11
7 31
25 40 20 16 4 42 6 9 31 11 25 3 4 4 15 38 16 29 27 29 10 19 33 19 45 2 35 32 12 23 44
4 57
7 9 1 7 15 9 2 2 12 7 2 13 4 13 5 2 1 10 15 14 3 9 8 14 14 13 2 1 5 15 7 3 8 8 10 7 1 3 9 5 9 2 9 12 15 13 13 7 14 4 5 9 4 12 7 9 1
3 57
7 7 7 4 1 3 8 4 7 2 1 4 4 3 5 4 8 8 6 2 3 5 4 5 1 1 7 6 2 6 8 8 4 6 3 4 8 2 7 7 3 7 2 6 2 6 1 1 6 7 3 8 3 6 4 3 6
1 29
1 1 1 1 1 1 1 1 1 1 1 1 1 1 1 1 1 1 1 1 1 1 1 1 1 1 1 1 1
4 44
6 8 8 7 7 4 8 15 4 7 1 10 9 12 14 8 5 15 15 8 5 14 9 3 5 11 5 9 13 3 5 3 10 12 2 2 7 9 8 11 15 15 12 15
2 41
1 1 2 1 2 1 3 3 1 1 2 2 2 2 2 3 2 2 3 1 1 1 1 2 3 1 2 3 3 1 2 2 1 3 2 1 3 3 3 1 1
7 87
41 35 13 40 43 43 1 19 37 8 7 7 17 25 12 22 29 30 18 3 25 8 41 4 15 13 42 16 47 16 27 39 2 40 47 13 2 15 31 38 22 6 12 38 46 23 27 26 5 44 28 45 19 37 16 33 1 9 48 15 40 43 6 41 34 4 21 3 18 20 8 7 25 20 12 22 42 6 48 14 17 43 10 35 31 25 20
3 7
3 6 8 5 3 1 6
2 3
2 2 2
8 84
59 3 21 7 5 47 40 26 60 10 20 21 39 42 50 32 39 45 1 56 33 54 14 42 37 14 57 52 46 10 45 39 12 1 45 14 47 19 39 42 27 59 62 2 35 48 31 8 27 31 61 57 21 9 36 56 23 29 44 3 38 23 39 47 21 19 60 5 37 34 44 63 27 40 62 61 24 27 3 48 58 1 42 13
9 95
30 58 71 4 43 4 79 51 16 53 6 62 36 72 32 56 9 80 64 4 17 78 39 7 23 26 12 11 41 11 9 23 69 79 58 31 2 56 1 49 61 38 62 16 62 14 24 70 45 39 73 14 37 31 20 11 8 31 53 1 41 61 55 61 59 32 12 60 40 44 60 20 2 73 67 15 38 10 4 3 49 28 16 37 11 35 47 50 17 19 50 57 79 56 70
2 23
1 2 3 1 3 3 3 3 3 3 2 2 1 2 1 2 1 2 2 2 3 1 2
9 75
8 48 14 77 56 53 29 75 51 57 25 20 37 47 56 80 27 53 29 9 18 6 38 51 73 53 50 62 4 19 52 44 18 17 72 25 70 53 51 72 29 27 44 65 73 51 16 20 55 45 60 72 50 50 74 75 22 43 56 58 13 27 21 62 75 12 6 64 16 8 8 44 34 3 61
7 64
28 45 11 40 9 18 10 10 43 36 15 37 43 8 17 21 28 14 31 24 35 15 23 42 6 35 11 24 15 20 12 42 33 22 2 41 7 11 2 17 46 16 21 40 40 37 12 19 2 42 42 4 24 17 13 45 19 23 20 33 10 47 42 42
5 76
2 18 5 3 10 18 11 6 1 2 10 4 12 3 22 6 6 13 14 10 10 8 8 5 8 10 4 1 19 15 12 21 9 16 23 10 2 1 16 2 2 17 6 14 20 19 11 17 7 24 3 16 23 2 13 6 11 16 22 6 22 9 2 6 17 16 16 18 17 23 19 10 15 16 15 2
7 50
19 9 40 21 24 14 46 12 11 9 19 9 30 17 17 47 14 9 14 5 18 46 19 5 8 26 20 38 27 46 31 45 6 38 17 29 20 31 9 30 7 43 38 36 11 23 34 41 47 15
7 68
13 32 21 36 9 8 41 3 5 23 16 10 29 48 7 48 30 31 29 36 25 35 39 4 9 24 44 23 7 8 39 35 7 27 38 31 3 30 34 7 21 1 33 1 16 7 48 46 5 28 33 45 30 40 48 38 31 11 13 37 35 19 23 41 14 12 40 16
4 79
5 9 5 8 4 2 3 9 3 1 4 7 8 7 13 5 3 7 10 7 15 12 15 10 10 1 5 1 2 6 8 13 14 4 13 9 13 7 2 7 15 12 13 7 10 2 11 13 9 12 11 8 8 10 9 10 2 5 2 3 10 2 8 15 5 12 8 9 3 1 8 2 13 5 8 7 7 4 11
1 52
1 1 1 1 1 1 1 1 1 1 1 1 1 1 1 1 1 1 1 1 1 1 1 1 1 1 1 1 1 1 1 1 1 1 1 1 1 1 1 1 1 1 1 1 1 1 1 1 1 1 1 1
7 45
6 25 48 39 6 5 31 39 3 23 35 9 23 31 2 5 7 12 39 9 13 18 35 26 1 15 31 31 3 17 43 24 41 42 14 14 14 45 21 17 35 7 25 9 6
3 63
4 5 4 4 1 5 6 3 5 4 1 3 7 1 5 6 1 7 4 7 4 8 3 4 2 1 4 3 6 6 8 1 2 3 5 3 8 2 5 4 6 5 7 4 5 3 1 5 1 4 3 5 3 5 8 5 6 4 7 3 1 6 4
9 40
64 60 31 49 32 27 6 76 73 33 32 3 26 37 36 29 39 40 40 44 15 28 41 2 2 51 42 39 38 76 14 21 7 77 22 39 23 59 66 15
1 28
1 1 1 1 1 1 1 1 1 1 1 1 1 1 1 1 1 1 1 1 1 1 1 1 1 1 1 1
8 31
19 27 19 16 21 44 59 4 34 1 21 35 14 48 4 62 38 15 9 32 14 6 27 46 42 38 39 24 2 19 63
9 10
59 31 38 18 54 15 37 36 26 56
2 25
2 1 2 2 1 1 1 3 2 2 2 1 1 2 3 1 2 2 2 3 2 3 3 1 1
7 66
11 7 7 8 24 34 36 16 40 38 43 46 19 47 15 13 26 5 21 13 36 32 26 46 25 29 9 24 15 40 26 25 14 32 33 38 34 36 5 41 41 16 39 11 14 21 23 8 25 11 20 12 10 13 9 3 42 33 26 8 40 19 48 6 18 32
8 30
36 61 57 55 19 59 39 37 29 53 30 20 41 61 11 21 38 3 47 7 53 4 6 55 56 37 31 29 47 2
2 17
3 1 3 2 3 3 3 1 2 2 3 3 3 2 1 1 1
