46
3
4 4
2 2
3 6
3
0 0
1000000000 1000000000
0 0
3
0 0
10 2
10 2
2
9 0
0 9
2
0 0
9 9
2
0 0
9 1
3
0 0
1000000000 999999999
6 18
3
1000 0
100000 100000
100000 1000000000
3
1000 0
100000 101000
100000 1000000000
12
1 100
2 200
3 300
4 400
5 500
6 600
7 700
8 800
9 900
8 900
7 900
7 901
3
1000 0
100000 100999
100000 1000000000
12
1 100
2 200
3 300
4 400
5 500
6 600
7 700
8 800
9 900
8 900
7 900
7 900
12
100 1
200 2
300 3
400 4
500 5
600 6
700 7
800 8
900 9
900 8
900 7
900 7
3
1 999999999
1 999999999
1 999999999
3
1 999999999
1 1
1 999999999
4
1 999999999
1 1
1 999999999
1 2
4
999999999 1
1 1
999999999 1
999999999 5
4
999999999 1
1 1
999999999 1
999999999 6
4
345111111 251435123
100234567 412345123
123456 341235643
654321 123123123
3
0 0
1000000000 999999999
6 18
3
4 4
2 2
3 6
3
0 0
10 2
10 2
49
55 43
455 9
86 86
500 500
500 500
333 333
444 333
5 994
834 934
5 22
999 82
55 55
455 455
86 86
500 500
500 500
333 333
444 444
5 5
834 834
5 5
999 999
5 4
834 934
5 22
999 82
55 55
455 455
500 99
444 1000
456 1
19 2
300 3
55 4
89 5
33 99
100 455
1 333
2 698
3 453
4 756
5 243
6 567
7 44
866 12
56 15
111 16
48 88
444 1000
6
0 0
2 2
0 2
1 0
1 1
3 30000
2
5 6
9 10
2
0 0
2 10
2
0 0
100000000 100000000
2
0 0
50 38
12
321654987 1
326598741 2
1354689 3
321654987 4
12326547 5
6546313 6
6587313 7
513847 8
1681 9
654987333 11
1 2
2 321654
2
0 0
3 5
2
0 0
4 6
10
0 0
1000000000 1000000000
0 0
1000000000 1000000000
0 0
1000000000 1000000000
0 0
1000000000 1000000000
0 0
1000000000 1000000000
10
321 0
3 2
21 7
18 11115
4 12
7 14
11 19
13 1
16 7
79 6
2
1 1
2 6
2
0 0
6 20
13
0 0
1 2
2 5
3 9
4 14
5 20
34543 23478
4343 3245
345345 765
6747 64250
7436 64250
436 3245
34 34
6
4 4
2 2
3 6
0 0
10 2
10 2
3
0 0
2 4
777777700 777777700
2
0 0
65536 65536
2
0 0
1 1
17
0 1000000000
1000000000 0
0 1000000000
100000000 0
0 1000000000
100000000 0
0 1000000000
9999999 0
0 1000000000
99999992 0
3 1000000000
99999994 6548
9873 153
5186 4831
1873 13
18438 23
112 4
2
0 0
4 2
2
0 0
5 7
3
42 242424
532553 525
42424 777
2
0 0
2 4
2
99999999 99999997
0 0
