107
3 2
1 2
2 3
2 0
6 5
1 3
2 3
3 4
4 5
4 6
4 2
1 3
2 4
7 11
1 2
1 4
1 5
1 6
2 4
2 5
2 6
3 5
4 5
4 6
6 7
15 24
1 2
1 3
1 8
1 9
1 10
1 11
2 5
2 12
2 13
3 4
3 6
3 11
4 6
5 7
5 10
6 7
6 10
6 14
7 9
8 11
9 13
10 15
12 15
13 14
2 1
1 2
10 17
1 2
1 3
1 5
2 6
2 7
2 9
3 4
3 5
3 6
4 6
4 7
4 9
5 9
5 10
6 10
7 8
8 10
32 422
1 2
1 3
1 4
1 5
1 6
1 7
1 8
1 9
1 10
1 12
1 16
1 17
1 18
1 19
1 20
1 21
1 24
1 25
1 26
1 28
1 29
1 30
1 31
1 32
2 3
2 4
2 6
2 7
2 8
2 9
2 10
2 11
2 12
2 13
2 14
2 15
2 16
2 17
2 18
2 19
2 20
2 21
2 22
2 23
2 24
2 25
2 26
2 28
2 29
2 32
3 4
3 6
3 7
3 8
3 9
3 10
3 11
3 12
3 13
3 14
3 15
3 16
3 17
3 18
3 19
3 20
3 21
3 22
3 23
3 24
3 25
3 26
3 27
3 28
3 29
3 30
3 31
3 32
4 5
4 6
4 7
4 8
4 9
4 10
4 11
4 12
4 13
4 16
4 17
4 18
4 19
4 20
4 21
4 22
4 23
4 24
4 25
4 26
4 27
4 29
4 30
4 31
4 32
5 6
5 7
5 9
5 10
5 11
5 12
5 13
5 14
5 15
5 16
5 17
5 18
5 20
5 21
5 22
5 23
5 24
5 25
5 26
5 27
5 28
5 29
5 30
5 31
5 32
6 7
6 8
6 9
6 11
6 12
6 13
6 15
6 16
6 17
6 18
6 19
6 20
6 22
6 24
6 25
6 26
6 27
6 28
6 29
6 30
6 31
6 32
7 8
7 10
7 13
7 14
7 15
7 17
7 18
7 20
7 21
7 22
7 23
7 24
7 25
7 26
7 27
7 28
7 29
7 30
7 32
8 10
8 11
8 13
8 14
8 15
8 16
8 17
8 18
8 20
8 23
8 24
8 25
8 26
8 27
8 28
8 29
8 30
8 31
8 32
9 10
9 11
9 12
9 13
9 14
9 15
9 17
9 18
9 19
9 20
9 21
9 22
9 23
9 24
9 25
9 26
9 27
9 28
9 30
9 31
9 32
10 11
10 12
10 13
10 14
10 15
10 16
10 17
10 18
10 20
10 21
10 22
10 23
10 24
10 25
10 26
10 27
10 28
10 29
10 30
10 31
10 32
11 12
11 13
11 15
11 16
11 17
11 18
11 19
11 20
11 21
11 23
11 24
11 25
11 27
11 28
11 29
11 30
11 31
11 32
12 13
12 14
12 16
12 17
12 18
12 19
12 20
12 21
12 22
12 23
12 24
12 25
12 27
12 28
12 30
12 31
12 32
13 14
13 15
13 16
13 17
13 18
13 19
13 20
13 21
13 22
13 23
13 24
13 26
13 27
13 29
13 30
13 31
13 32
14 16
14 17
14 18
14 19
14 20
14 22
14 23
14 24
14 26
14 27
14 28
14 29
14 30
14 31
15 16
15 17
15 18
15 19
15 20
15 21
15 22
15 23
15 25
15 26
15 27
15 28
15 30
15 31
16 17
16 18
16 19
16 20
16 21
16 23
16 24
16 25
16 26
16 27
16 30
16 31
17 18
17 20
17 22
17 24
17 25
17 26
17 28
17 29
17 32
18 19
18 20
18 22
18 23
18 25
18 26
18 27
18 28
18 29
18 30
18 31
19 20
19 21
19 23
19 24
19 26
19 27
19 28
19 29
19 31
19 32
20 21
20 22
20 23
20 24
20 25
20 26
20 27
20 28
20 29
20 31
20 32
21 22
21 23
21 24
21 25
21 26
21 27
21 28
21 29
21 31
21 32
22 23
22 24
22 25
22 26
22 27
22 28
22 30
22 31
22 32
23 24
23 25
23 26
23 27
23 28
23 29
23 30
23 31
23 32
24 25
24 26
24 27
24 30
24 31
24 32
25 26
25 28
25 29
25 30
25 31
25 32
26 27
26 28
26 29
26 30
26 31
26 32
27 28
27 29
27 30
27 31
28 29
28 30
28 31
28 32
29 30
29 31
30 31
30 32
31 32
4 5
1 2
1 3
1 4
2 3
2 4
17 69
1 2
1 3
1 4
1 7
1 9
1 13
1 15
1 16
1 17
2 3
2 4
2 8
2 9
2 10
2 13
2 17
3 6
3 7
3 8
3 16
4 5
4 7
4 8
4 9
4 10
4 12
4 13
4 14
4 15
5 6
5 7
5 8
5 9
5 11
5 12
5 13
5 14
5 15
5 17
6 7
6 10
6 13
6 15
6 17
7 11
7 14
7 15
7 16
7 17
8 9
8 12
8 16
8 17
9 10
9 12
9 13
9 15
9 16
10 16
11 14
11 15
11 16
12 13
12 16
13 14
13 16
13 17
15 16
15 17
4 6
1 2
1 3
1 4
2 3
2 4
3 4
32 117
1 10
1 11
1 16
1 17
1 23
1 25
1 30
2 4
2 8
2 10
2 11
2 15
2 19
2 22
2 25
2 30
3 5
3 12
3 14
3 27
4 5
4 6
4 17
4 19
4 23
4 24
4 25
4 26
4 28
5 7
5 8
5 13
5 14
5 15
5 30
5 32
6 16
6 17
6 23
6 28
6 29
6 31
7 10
7 15
7 21
7 27
7 29
7 31
8 15
8 18
8 29
9 14
9 22
9 26
9 28
9 30
10 13
10 17
10 24
10 26
10 31
10 32
11 18
11 21
11 22
11 30
12 15
12 19
12 21
13 15
13 16
13 17
13 20
13 23
13 25
13 28
13 29
13 32
14 20
14 25
14 30
15 19
15 20
15 23
15 27
16 20
16 23
16 25
16 29
17 20
17 23
17 26
17 32
18 21
18 29
19 21
19 23
19 24
19 25
19 30
19 32
20 21
20 29
21 25
21 28
21 29
22 30
23 24
24 28
24 31
24 32
27 28
27 32
28 32
29 30
29 31
31 32
37 576
1 2
1 3
1 4
1 5
1 6
1 7
1 8
1 9
1 11
1 13
1 14
1 15
1 16
1 17
1 18
1 19
1 20
1 21
1 22
1 23
1 24
1 25
1 26
1 27
1 28
1 29
1 31
1 33
1 34
1 35
1 36
1 37
2 3
2 4
2 5
2 6
2 7
2 9
2 10
2 11
2 12
2 13
2 14
2 15
2 16
2 17
2 18
2 19
2 20
2 22
2 23
2 24
2 25
2 26
2 28
2 29
2 30
2 31
2 32
2 33
2 34
2 35
2 36
2 37
3 4
3 5
3 6
3 7
3 8
3 9
3 11
3 12
3 13
3 16
3 17
3 18
3 20
3 21
3 22
3 23
3 24
3 26
3 27
3 28
3 29
3 30
3 31
3 32
3 33
3 34
3 36
4 5
4 6
4 7
4 8
4 10
4 11
4 12
4 14
4 15
4 16
4 17
4 18
4 19
4 20
4 21
4 22
4 23
4 24
4 25
4 26
4 28
4 29
4 30
4 31
4 32
4 34
4 35
4 36
4 37
5 6
5 7
5 8
5 9
5 10
5 13
5 14
5 15
5 16
5 17
5 18
5 19
5 20
5 21
5 22
5 23
5 24
5 25
5 26
5 28
5 31
5 32
5 33
5 34
5 35
5 36
5 37
6 8
6 9
6 10
6 11
6 12
6 14
6 16
6 17
6 18
6 19
6 20
6 21
6 23
6 24
6 25
6 26
6 27
6 28
6 29
6 30
6 31
6 32
6 33
6 34
6 35
6 36
6 37
7 8
7 9
7 10
7 11
7 12
7 13
7 14
7 15
7 17
7 18
7 19
7 20
7 22
7 23
7 24
7 25
7 26
7 27
7 28
7 29
7 30
7 31
7 32
7 33
7 34
7 36
8 9
8 10
8 11
8 13
8 14
8 16
8 17
8 18
8 20
8 21
8 22
8 24
8 25
8 26
8 27
8 29
8 30
8 32
8 33
8 34
8 36
8 37
9 10
9 11
9 12
9 13
9 14
9 15
9 16
9 17
9 18
9 19
9 20
9 21
9 22
9 23
9 25
9 26
9 27
9 28
9 29
9 30
9 31
9 32
9 33
9 34
9 35
9 36
10 12
10 13
10 14
10 15
10 16
10 19
10 20
10 21
10 23
10 24
10 25
10 26
10 28
10 29
10 31
10 33
10 34
10 35
10 36
10 37
11 13
11 15
11 17
11 18
11 19
11 20
11 21
11 22
11 23
11 24
11 25
11 26
11 27
11 28
11 29
11 30
11 31
11 32
11 35
11 37
12 13
12 14
12 15
12 16
12 17
12 18
12 20
12 21
12 22
12 23
12 24
12 25
12 27
12 28
12 29
12 30
12 31
12 32
12 33
12 34
12 35
12 36
13 14
13 15
13 16
13 18
13 19
13 21
13 22
13 23
13 24
13 25
13 27
13 30
13 31
13 32
13 33
13 35
13 36
13 37
14 15
14 16
14 17
14 18
14 19
14 20
14 21
14 22
14 23
14 24
14 25
14 26
14 27
14 29
14 30
14 31
14 32
14 33
14 34
14 35
14 36
14 37
15 16
15 17
15 18
15 20
15 21
15 22
15 23
15 24
15 25
15 26
15 27
15 28
15 29
15 30
15 31
15 32
15 33
15 35
15 37
16 17
16 18
16 19
16 20
16 21
16 22
16 23
16 24
16 25
16 26
16 27
16 28
16 29
16 30
16 31
16 32
16 33
16 34
16 35
16 36
16 37
17 18
17 19
17 20
17 21
17 22
17 23
17 24
17 25
17 26
17 27
17 28
17 29
17 30
17 31
17 32
17 33
17 34
17 35
17 36
17 37
18 20
18 21
18 22
18 23
18 24
18 25
18 26
18 27
18 28
18 29
18 30
18 32
18 34
18 35
18 36
18 37
19 20
19 21
19 22
19 23
19 24
19 25
19 26
19 27
19 28
19 29
19 30
19 31
19 32
19 33
19 34
19 35
19 36
19 37
20 22
20 23
20 24
20 25
20 26
20 27
20 28
20 29
20 30
20 32
20 33
20 34
20 35
20 36
20 37
21 22
21 23
21 24
21 25
21 28
21 29
21 30
21 31
21 32
21 33
21 34
21 36
21 37
22 23
22 24
22 25
22 26
22 27
22 28
22 29
22 31
22 32
22 33
22 34
22 35
22 36
22 37
23 24
23 25
23 26
23 29
23 30
23 31
23 32
23 33
23 34
23 35
23 36
24 25
24 26
24 27
24 28
24 29
24 31
24 32
24 34
24 35
24 36
24 37
25 26
25 27
25 28
25 29
25 30
25 31
25 32
25 33
25 34
25 35
25 37
26 27
26 28
26 29
26 32
26 33
26 34
26 35
26 37
27 28
27 29
27 31
27 32
27 33
27 34
27 35
27 37
28 29
28 31
28 32
28 33
28 34
28 35
28 36
28 37
29 31
29 32
29 34
29 35
29 36
29 37
30 32
30 33
30 34
30 35
30 36
30 37
31 32
31 33
31 34
31 35
31 36
31 37
32 33
32 34
32 35
32 36
32 37
33 34
33 35
33 36
33 37
34 35
34 36
34 37
35 36
35 37
36 37
44 769
1 2
1 3
1 4
1 6
1 7
1 10
1 11
1 12
1 13
1 14
1 15
1 16
1 17
1 18
1 19
1 20
1 21
1 22
1 23
1 24
1 25
1 26
1 27
1 28
1 29
1 31
1 32
1 33
1 34
1 35
1 36
1 37
1 38
1 40
1 41
1 42
1 43
1 44
2 3
2 5
2 8
2 9
2 10
2 14
2 15
2 18
2 19
2 21
2 22
2 24
2 26
2 27
2 28
2 29
2 30
2 31
2 33
2 34
2 35
2 37
2 38
2 39
2 40
2 41
2 42
2 43
2 44
3 4
3 5
3 6
3 8
3 10
3 11
3 12
3 14
3 15
3 16
3 17
3 18
3 21
3 23
3 24
3 25
3 26
3 27
3 28
3 29
3 30
3 32
3 33
3 34
3 35
3 37
3 38
3 39
3 40
3 41
3 42
3 44
4 5
4 7
4 8
4 10
4 11
4 12
4 13
4 14
4 15
4 18
4 19
4 20
4 21
4 22
4 24
4 25
4 26
4 27
4 29
4 31
4 32
4 36
4 38
4 39
4 40
4 41
4 42
4 44
5 6
5 7
5 8
5 9
5 10
5 11
5 12
5 13
5 14
5 15
5 16
5 17
5 18
5 19
5 20
5 21
5 22
5 24
5 25
5 26
5 27
5 28
5 29
5 30
5 31
5 33
5 34
5 35
5 36
5 37
5 38
5 39
5 40
5 41
5 42
5 43
5 44
6 7
6 9
6 12
6 13
6 14
6 15
6 16
6 17
6 18
6 19
6 20
6 22
6 23
6 24
6 26
6 27
6 30
6 32
6 33
6 35
6 36
6 37
6 38
6 40
6 42
6 43
6 44
7 8
7 9
7 10
7 11
7 12
7 15
7 16
7 17
7 18
7 19
7 20
7 21
7 23
7 24
7 25
7 26
7 27
7 28
7 30
7 31
7 32
7 33
7 35
7 36
7 37
7 38
7 39
7 40
7 41
7 42
7 43
7 44
8 9
8 10
8 11
8 14
8 15
8 16
8 19
8 20
8 21
8 22
8 24
8 25
8 27
8 28
8 30
8 32
8 33
8 34
8 35
8 36
8 37
8 38
8 39
8 40
8 41
8 42
8 43
9 11
9 12
9 13
9 14
9 15
9 16
9 17
9 19
9 20
9 21
9 22
9 23
9 27
9 28
9 29
9 30
9 31
9 32
9 34
9 35
9 36
9 37
9 38
9 39
9 40
9 42
9 43
10 12
10 14
10 15
10 16
10 17
10 18
10 20
10 21
10 25
10 26
10 27
10 28
10 30
10 32
10 33
10 34
10 35
10 36
10 37
10 38
10 39
10 40
10 41
10 42
10 44
11 12
11 13
11 14
11 16
11 17
11 18
11 19
11 20
11 21
11 22
11 23
11 24
11 25
11 26
11 27
11 28
11 29
11 31
11 32
11 33
11 34
11 35
11 36
11 37
11 39
11 40
11 41
11 42
11 44
12 13
12 14
12 15
12 16
12 17
12 18
12 20
12 21
12 22
12 23
12 25
12 26
12 27
12 28
12 29
12 30
12 31
12 32
12 33
12 34
12 35
12 36
12 38
12 39
12 41
12 43
12 44
13 15
13 16
13 17
13 18
13 19
13 20
13 21
13 22
13 23
13 24
13 26
13 27
13 28
13 29
13 30
13 31
13 32
13 33
13 34
13 35
13 36
13 37
13 38
13 39
13 40
13 42
13 44
14 15
14 17
14 18
14 20
14 21
14 22
14 23
14 24
14 25
14 26
14 27
14 28
14 29
14 30
14 31
14 32
14 33
14 34
14 35
14 36
14 37
14 38
14 39
14 40
14 42
14 44
15 16
15 17
15 18
15 19
15 20
15 23
15 24
15 25
15 26
15 27
15 28
15 29
15 30
15 31
15 32
15 33
15 35
15 36
15 38
15 40
15 41
15 42
15 43
15 44
16 17
16 18
16 19
16 20
16 21
16 22
16 23
16 24
16 26
16 28
16 29
16 30
16 31
16 32
16 33
16 34
16 35
16 36
16 38
16 39
16 40
16 42
16 43
16 44
17 18
17 19
17 20
17 21
17 23
17 24
17 26
17 27
17 28
17 29
17 30
17 31
17 32
17 33
17 34
17 35
17 37
17 38
17 42
17 43
18 19
18 20
18 21
18 22
18 23
18 24
18 25
18 26
18 27
18 28
18 30
18 31
18 32
18 33
18 36
18 37
18 39
18 41
18 42
18 43
18 44
19 20
19 21
19 22
19 23
19 24
19 25
19 26
19 27
19 28
19 30
19 31
19 32
19 35
19 36
19 37
19 38
19 39
19 40
19 42
19 43
19 44
20 21
20 22
20 25
20 26
20 29
20 30
20 31
20 32
20 34
20 35
20 36
20 37
20 38
20 40
20 41
20 42
20 43
20 44
21 22
21 23
21 25
21 26
21 27
21 28
21 29
21 30
21 31
21 32
21 36
21 37
21 38
21 39
21 40
21 41
21 43
21 44
22 23
22 24
22 25
22 26
22 27
22 28
22 31
22 32
22 33
22 34
22 36
22 37
22 38
22 39
22 40
22 41
22 42
22 43
22 44
23 24
23 26
23 28
23 29
23 30
23 32
23 33
23 34
23 35
23 36
23 37
23 38
23 40
23 41
23 43
23 44
24 26
24 27
24 28
24 29
24 31
24 32
24 34
24 35
24 36
24 37
24 39
24 40
24 41
24 42
24 44
25 26
25 27
25 28
25 29
25 30
25 31
25 33
25 34
25 35
25 36
25 37
25 38
25 39
25 40
25 41
25 43
25 44
26 27
26 28
26 29
26 30
26 31
26 34
26 35
26 36
26 37
26 38
26 39
26 40
26 41
26 43
27 28
27 29
27 31
27 32
27 33
27 34
27 36
27 37
27 38
27 39
27 40
27 41
27 42
27 44
28 29
28 30
28 31
28 34
28 35
28 36
28 37
28 38
28 39
28 40
28 41
28 42
28 43
28 44
29 30
29 31
29 32
29 33
29 35
29 37
29 39
29 40
29 41
29 42
29 43
29 44
30 31
30 32
30 33
30 34
30 35
30 36
30 37
30 39
30 40
30 41
30 42
30 43
30 44
31 32
31 33
31 34
31 36
31 37
31 39
31 40
31 42
31 44
32 33
32 34
32 35
32 36
32 37
32 38
32 39
32 40
32 41
32 42
32 43
32 44
33 35
33 36
33 37
33 38
33 39
33 40
33 41
33 42
33 43
34 35
34 36
34 37
34 38
34 39
34 40
34 41
34 42
34 44
35 36
35 37
35 38
35 40
35 41
35 42
35 43
35 44
36 37
36 38
36 39
36 40
36 41
36 42
36 44
37 38
37 39
37 40
37 41
37 42
37 43
37 44
38 39
38 41
38 42
38 43
38 44
39 40
39 41
39 42
39 43
39 44
40 42
40 43
40 44
41 42
41 43
42 43
42 44
22 16
1 11
2 4
3 5
3 9
4 12
4 18
4 19
6 12
8 20
9 15
10 11
10 18
12 19
13 21
14 15
14 22
41 493
1 2
1 3
1 5
1 6
1 7
1 8
1 9
1 10
1 12
1 17
1 18
1 19
1 20
1 26
1 28
1 29
1 30
1 32
1 34
1 37
1 38
1 39
1 40
1 41
2 3
2 4
2 5
2 8
2 13
2 16
2 18
2 20
2 21
2 22
2 23
2 24
2 26
2 28
2 29
2 31
2 33
2 35
2 37
2 40
2 41
3 4
3 5
3 7
3 8
3 16
3 17
3 18
3 19
3 20
3 21
3 23
3 24
3 25
3 26
3 28
3 29
3 30
3 32
3 33
3 34
3 37
3 38
3 40
3 41
4 5
4 6
4 9
4 12
4 13
4 14
4 15
4 16
4 17
4 18
4 22
4 23
4 26
4 27
4 30
4 31
4 32
4 33
4 37
4 38
4 39
4 40
5 6
5 7
5 11
5 12
5 14
5 16
5 17
5 18
5 21
5 22
5 23
5 24
5 26
5 28
5 30
5 32
5 35
5 36
5 37
5 38
5 40
5 41
6 7
6 8
6 10
6 11
6 13
6 14
6 15
6 19
6 20
6 21
6 23
6 24
6 25
6 26
6 27
6 29
6 31
6 32
6 34
6 36
6 38
6 39
6 40
7 8
7 9
7 12
7 14
7 17
7 19
7 20
7 21
7 22
7 23
7 25
7 26
7 29
7 32
7 37
7 38
7 39
7 40
8 10
8 13
8 14
8 16
8 21
8 22
8 23
8 24
8 25
8 29
8 30
8 31
8 32
8 35
8 38
8 41
9 10
9 11
9 12
9 13
9 18
9 20
9 21
9 23
9 24
9 25
9 26
9 27
9 29
9 31
9 32
9 33
9 35
9 36
9 37
9 38
9 39
9 41
10 11
10 13
10 14
10 15
10 16
10 19
10 20
10 23
10 25
10 26
10 29
10 31
10 33
10 34
10 39
10 40
11 12
11 13
11 15
11 16
11 17
11 18
11 19
11 21
11 22
11 24
11 25
11 26
11 27
11 28
11 31
11 32
11 33
11 34
11 36
12 13
12 14
12 15
12 18
12 19
12 20
12 21
12 23
12 24
12 25
12 26
12 27
12 28
12 30
12 31
12 32
12 33
12 35
12 37
12 40
13 15
13 16
13 19
13 21
13 23
13 25
13 26
13 31
13 32
13 33
13 35
13 38
13 39
13 40
14 16
14 17
14 18
14 19
14 21
14 22
14 23
14 24
14 26
14 27
14 30
14 31
14 33
14 35
14 36
14 37
14 38
14 40
15 17
15 18
15 20
15 21
15 22
15 23
15 24
15 25
15 26
15 27
15 28
15 29
15 30
15 31
15 34
15 37
15 38
15 41
16 17
16 20
16 22
16 23
16 26
16 27
16 33
16 34
16 35
16 36
16 39
16 40
16 41
17 18
17 20
17 22
17 23
17 24
17 27
17 28
17 29
17 31
17 33
17 34
17 35
17 36
17 38
17 40
18 19
18 20
18 22
18 23
18 24
18 27
18 28
18 30
18 32
18 34
18 36
18 38
18 40
18 41
19 24
19 28
19 29
19 30
19 32
19 36
19 38
19 40
20 21
20 23
20 28
20 30
20 31
20 32
20 33
20 34
20 36
20 38
20 41
21 22
21 24
21 26
21 27
21 28
21 29
21 30
21 31
21 32
21 33
21 34
21 35
21 36
21 37
21 40
22 25
22 27
22 28
22 31
22 34
22 35
22 36
22 37
22 38
22 39
22 41
23 24
23 26
23 27
23 28
23 30
23 31
23 32
23 34
23 36
23 38
23 39
24 25
24 27
24 28
24 29
24 30
24 31
24 33
24 34
24 35
24 36
24 37
24 38
24 39
25 27
25 29
25 30
25 32
25 36
25 39
25 40
25 41
26 27
26 28
26 29
26 30
26 31
26 33
26 34
26 36
26 38
26 39
26 41
27 28
27 30
27 31
27 32
27 33
27 36
27 37
27 38
27 39
27 40
27 41
28 33
28 34
28 35
28 38
28 39
28 40
28 41
29 30
29 31
29 32
29 33
29 34
29 35
29 37
29 38
29 39
29 41
30 31
30 33
30 36
30 37
30 40
31 32
31 33
31 34
31 36
31 37
31 40
31 41
32 33
32 35
32 36
32 39
32 40
32 41
33 36
33 37
33 38
33 39
33 40
34 36
34 39
34 41
35 37
35 38
35 40
36 37
36 38
36 39
36 40
37 39
38 39
38 41
39 40
39 41
29 92
1 2
1 3
1 5
1 14
1 19
1 22
1 24
1 27
1 29
2 4
2 5
2 9
2 13
2 14
2 28
3 8
3 9
3 10
3 12
3 18
3 21
3 22
3 26
4 6
4 26
5 11
5 17
5 19
5 20
5 22
5 26
6 7
6 8
6 12
6 21
6 25
6 26
6 27
6 28
7 9
7 16
7 20
7 24
7 25
9 11
9 17
9 19
9 21
10 15
10 25
11 12
11 14
11 24
11 27
11 28
11 29
12 13
12 20
12 25
13 16
13 19
13 21
13 24
13 25
13 28
14 18
14 20
14 23
14 26
15 21
15 29
16 27
16 28
17 21
17 23
17 24
17 29
18 23
18 27
19 21
19 29
20 21
20 27
20 28
21 22
21 23
21 24
21 29
22 23
22 24
24 29
25 29
5 8
1 2
1 4
1 5
2 3
2 4
2 5
3 5
4 5
19 152
1 2
1 3
1 4
1 5
1 6
1 7
1 8
1 9
1 10
1 12
1 13
1 14
1 15
1 16
1 17
1 18
1 19
2 3
2 4
2 5
2 6
2 7
2 8
2 10
2 11
2 13
2 14
2 15
2 16
3 4
3 5
3 6
3 7
3 8
3 9
3 10
3 11
3 12
3 13
3 14
3 15
3 16
3 17
3 19
4 6
4 7
4 8
4 9
4 10
4 11
4 12
4 13
4 14
4 15
4 16
4 17
4 18
4 19
5 6
5 7
5 9
5 10
5 11
5 12
5 13
5 14
5 15
5 16
5 18
5 19
6 7
6 8
6 9
6 10
6 11
6 12
6 13
6 14
6 15
6 16
6 17
6 18
6 19
7 8
7 9
7 10
7 11
7 12
7 13
7 14
7 15
7 16
7 17
7 18
7 19
8 9
8 10
8 11
8 12
8 13
8 14
8 15
8 17
8 18
8 19
9 10
9 11
9 12
9 13
9 14
9 15
9 16
9 17
9 18
9 19
10 11
10 12
10 13
10 14
10 15
10 16
10 17
10 18
10 19
11 12
11 13
11 14
11 15
11 18
11 19
12 14
12 15
12 16
12 17
12 18
13 14
13 15
13 18
14 15
14 16
14 17
14 18
14 19
15 16
15 17
15 18
15 19
16 17
16 18
17 18
17 19
18 19
33 294
1 2
1 4
1 8
1 9
1 11
1 12
1 15
1 29
1 30
1 31
1 32
1 33
2 4
2 6
2 7
2 9
2 10
2 11
2 13
2 17
2 18
2 19
2 20
2 21
2 25
2 27
2 29
2 30
2 33
3 4
3 5
3 8
3 10
3 15
3 16
3 18
3 19
3 21
3 23
3 26
3 27
3 28
3 33
4 10
4 15
4 16
4 17
4 20
4 21
4 23
4 25
4 26
4 27
4 28
4 29
4 30
4 31
4 33
5 6
5 7
5 8
5 9
5 12
5 13
5 14
5 17
5 18
5 21
5 22
5 23
5 26
5 28
5 30
5 31
5 32
6 7
6 9
6 10
6 11
6 12
6 13
6 15
6 16
6 18
6 19
6 21
6 24
6 25
6 27
6 29
6 30
6 32
7 9
7 10
7 11
7 12
7 14
7 17
7 18
7 21
7 23
7 24
7 27
7 32
7 33
8 10
8 11
8 13
8 15
8 16
8 17
8 19
8 20
8 22
8 24
8 25
8 27
8 30
8 32
8 33
9 11
9 12
9 13
9 18
9 19
9 27
9 28
9 30
9 31
9 32
10 11
10 13
10 15
10 16
10 17
10 18
10 20
10 23
10 24
10 25
10 26
10 28
10 29
10 31
10 33
11 12
11 13
11 14
11 15
11 17
11 22
11 23
11 24
11 25
11 27
11 29
12 15
12 16
12 20
12 21
12 23
12 24
12 26
12 28
12 29
12 30
12 31
12 32
12 33
13 14
13 16
13 17
13 18
13 19
13 20
13 21
13 23
13 24
13 25
13 26
13 30
13 32
14 16
14 18
14 20
14 21
14 22
14 23
14 25
14 26
14 28
14 30
14 32
14 33
15 18
15 19
15 20
15 22
15 23
15 24
15 27
15 28
15 29
15 30
15 31
16 18
16 21
16 22
16 23
16 24
16 25
16 26
16 27
16 29
16 31
16 32
17 18
17 21
17 23
17 25
17 26
17 27
17 28
17 29
17 31
17 33
18 19
18 20
18 21
18 22
18 26
18 27
18 28
18 30
18 32
18 33
19 21
19 23
19 25
19 27
19 28
19 29
19 30
20 22
20 23
20 25
20 26
20 28
20 30
20 31
21 24
21 25
21 27
21 28
21 29
21 31
21 32
22 23
22 24
22 28
22 29
22 30
22 31
22 32
22 33
23 24
23 27
23 28
23 31
24 25
24 26
24 27
24 28
24 31
24 32
24 33
25 27
25 28
25 30
25 32
25 33
26 27
26 29
26 30
26 31
27 29
27 32
28 30
28 33
29 33
30 32
30 33
31 32
32 33
46 67
1 4
1 27
1 30
1 42
1 46
2 8
2 45
3 11
3 15
3 25
3 45
4 35
4 42
4 45
5 14
5 16
5 21
5 33
6 20
6 23
6 32
6 34
7 24
8 14
8 22
9 14
9 17
9 31
11 22
11 27
11 36
11 39
12 13
12 31
12 38
12 40
13 15
13 20
13 40
14 28
15 37
16 23
16 31
16 32
17 19
17 20
18 30
19 29
19 32
19 37
20 31
20 40
21 46
22 31
23 44
24 32
24 36
24 43
27 34
28 29
28 44
29 30
30 44
32 35
34 43
38 41
42 43
41 816
1 2
1 3
1 4
1 5
1 6
1 7
1 8
1 9
1 10
1 11
1 12
1 13
1 14
1 15
1 16
1 17
1 18
1 19
1 20
1 21
1 22
1 23
1 24
1 25
1 26
1 27
1 28
1 29
1 30
1 31
1 32
1 33
1 34
1 35
1 36
1 37
1 38
1 39
1 40
1 41
2 3
2 4
2 5
2 6
2 7
2 8
2 9
2 10
2 11
2 12
2 13
2 14
2 15
2 16
2 17
2 18
2 19
2 20
2 21
2 22
2 23
2 24
2 25
2 26
2 27
2 28
2 29
2 30
2 31
2 32
2 33
2 34
2 35
2 36
2 37
2 38
2 39
2 40
2 41
3 4
3 5
3 6
3 7
3 8
3 9
3 10
3 11
3 12
3 13
3 14
3 15
3 16
3 17
3 18
3 19
3 20
3 21
3 22
3 23
3 24
3 25
3 26
3 27
3 28
3 29
3 30
3 31
3 32
3 33
3 34
3 35
3 36
3 37
3 38
3 39
3 40
3 41
4 5
4 6
4 7
4 8
4 9
4 10
4 11
4 12
4 13
4 14
4 15
4 16
4 17
4 18
4 19
4 20
4 21
4 22
4 23
4 24
4 25
4 26
4 27
4 28
4 29
4 30
4 31
4 32
4 33
4 34
4 35
4 36
4 37
4 38
4 39
4 40
4 41
5 6
5 7
5 8
5 9
5 10
5 11
5 12
5 13
5 14
5 15
5 16
5 17
5 18
5 19
5 20
5 21
5 22
5 23
5 24
5 25
5 26
5 27
5 28
5 29
5 30
5 31
5 32
5 33
5 34
5 35
5 36
5 37
5 38
5 39
5 40
5 41
6 7
6 8
6 9
6 10
6 11
6 12
6 13
6 14
6 15
6 16
6 17
6 18
6 19
6 20
6 21
6 22
6 23
6 24
6 25
6 26
6 27
6 28
6 29
6 30
6 31
6 32
6 33
6 34
6 35
6 36
6 37
6 38
6 39
6 40
6 41
7 8
7 9
7 10
7 11
7 12
7 13
7 14
7 15
7 16
7 17
7 18
7 19
7 20
7 21
7 22
7 23
7 24
7 25
7 26
7 27
7 28
7 29
7 30
7 31
7 32
7 33
7 34
7 35
7 36
7 37
7 38
7 39
7 40
7 41
8 9
8 10
8 11
8 12
8 13
8 14
8 15
8 16
8 17
8 18
8 19
8 20
8 21
8 22
8 23
8 24
8 25
8 26
8 27
8 28
8 29
8 30
8 31
8 32
8 33
8 34
8 35
8 36
8 37
8 38
8 39
8 40
8 41
9 10
9 11
9 12
9 13
9 14
9 15
9 16
9 17
9 18
9 19
9 20
9 21
9 22
9 23
9 24
9 25
9 26
9 27
9 28
9 29
9 30
9 31
9 32
9 33
9 34
9 35
9 36
9 37
9 38
9 39
9 40
9 41
10 11
10 12
10 13
10 14
10 15
10 16
10 17
10 18
10 19
10 20
10 21
10 22
10 23
10 24
10 25
10 26
10 27
10 28
10 29
10 30
10 31
10 32
10 33
10 34
10 35
10 36
10 37
10 38
10 39
10 40
10 41
11 12
11 13
11 14
11 15
11 16
11 17
11 18
11 19
11 20
11 21
11 22
11 23
11 24
11 25
11 26
11 27
11 28
11 29
11 30
11 31
11 32
11 33
11 34
11 35
11 36
11 37
11 38
11 39
11 40
11 41
12 13
12 14
12 15
12 16
12 17
12 18
12 19
12 20
12 21
12 22
12 23
12 24
12 25
12 26
12 27
12 28
12 29
12 30
12 31
12 32
12 33
12 34
12 35
12 36
12 37
12 38
12 39
12 40
12 41
13 14
13 15
13 16
13 17
13 18
13 19
13 20
13 21
13 22
13 23
13 24
13 25
13 26
13 27
13 28
13 29
13 30
13 31
13 32
13 33
13 34
13 35
13 36
13 37
13 38
13 39
13 40
13 41
14 15
14 16
14 17
14 18
14 19
14 20
14 21
14 22
14 23
14 24
14 25
14 26
14 27
14 28
14 29
14 30
14 31
14 32
14 33
14 34
14 35
14 36
14 37
14 38
14 39
14 41
15 16
15 17
15 18
15 19
15 20
15 21
15 22
15 23
15 24
15 25
15 26
15 27
15 28
15 29
15 30
15 31
15 32
15 33
15 34
15 35
15 36
15 37
15 38
15 39
15 40
15 41
16 17
16 18
16 19
16 20
16 21
16 22
16 23
16 24
16 25
16 26
16 27
16 28
16 29
16 31
16 32
16 33
16 34
16 35
16 36
16 37
16 38
16 39
16 40
16 41
17 18
17 19
17 20
17 21
17 23
17 24
17 25
17 26
17 27
17 28
17 29
17 30
17 31
17 32
17 33
17 34
17 35
17 36
17 37
17 38
17 39
17 40
17 41
18 19
18 20
18 21
18 22
18 23
18 24
18 25
18 26
18 27
18 28
18 29
18 30
18 31
18 32
18 33
18 34
18 35
18 36
18 37
18 38
18 39
18 40
18 41
19 20
19 21
19 22
19 23
19 24
19 25
19 26
19 27
19 28
19 29
19 30
19 31
19 32
19 33
19 34
19 35
19 36
19 37
19 38
19 39
19 40
19 41
20 21
20 22
20 23
20 24
20 25
20 26
20 27
20 28
20 29
20 30
20 31
20 32
20 33
20 34
20 35
20 36
20 37
20 38
20 39
20 40
20 41
21 22
21 23
21 24
21 25
21 26
21 27
21 28
21 29
21 30
21 31
21 32
21 33
21 34
21 35
21 36
21 37
21 38
21 39
21 40
21 41
22 23
22 24
22 25
22 26
22 27
22 28
22 29
22 30
22 31
22 32
22 33
22 34
22 35
22 36
22 37
22 38
22 39
22 40
22 41
23 24
23 25
23 26
23 27
23 28
23 29
23 30
23 31
23 32
23 33
23 34
23 35
23 36
23 37
23 38
23 39
23 40
23 41
24 25
24 26
24 27
24 28
24 29
24 30
24 31
24 32
24 33
24 34
24 35
24 36
24 37
24 38
24 39
24 40
24 41
25 26
25 27
25 28
25 29
25 30
25 31
25 32
25 33
25 34
25 35
25 36
25 37
25 38
25 39
25 40
25 41
26 27
26 28
26 29
26 30
26 31
26 32
26 33
26 34
26 35
26 36
26 37
26 38
26 39
26 40
26 41
27 28
27 29
27 30
27 31
27 32
27 33
27 34
27 35
27 36
27 37
27 38
27 39
27 40
27 41
28 29
28 30
28 31
28 32
28 33
28 34
28 35
28 36
28 37
28 38
28 39
28 40
28 41
29 30
29 31
29 32
29 33
29 34
29 35
29 36
29 38
29 39
29 40
29 41
30 31
30 32
30 33
30 34
30 35
30 36
30 37
30 38
30 39
30 40
30 41
31 32
31 33
31 34
31 35
31 36
31 37
31 38
31 39
31 40
31 41
32 33
32 34
32 35
32 36
32 37
32 38
32 39
32 40
32 41
33 34
33 35
33 36
33 37
33 38
33 39
33 40
33 41
34 35
34 36
34 37
34 38
34 39
34 40
34 41
35 36
35 37
35 38
35 39
35 40
35 41
36 37
36 38
36 39
36 40
36 41
37 38
37 39
37 40
37 41
38 39
38 40
38 41
39 40
39 41
40 41
24 269
1 2
1 3
1 4
1 5
1 6
1 7
1 8
1 9
1 10
1 11
1 12
1 13
1 14
1 15
1 16
1 17
1 18
1 19
1 20
1 22
1 23
1 24
2 3
2 4
2 5
2 6
2 7
2 8
2 10
2 11
2 12
2 13
2 14
2 15
2 16
2 17
2 19
2 21
2 22
2 23
2 24
3 4
3 5
3 6
3 7
3 8
3 9
3 10
3 11
3 12
3 13
3 14
3 15
3 16
3 17
3 18
3 19
3 20
3 21
3 22
3 23
3 24
4 5
4 6
4 7
4 8
4 9
4 10
4 11
4 12
4 13
4 14
4 15
4 16
4 17
4 18
4 19
4 20
4 21
4 22
4 23
4 24
5 6
5 7
5 8
5 9
5 10
5 11
5 12
5 13
5 14
5 15
5 16
5 17
5 18
5 19
5 20
5 21
5 22
5 23
5 24
6 7
6 8
6 9
6 10
6 11
6 12
6 13
6 14
6 15
6 16
6 17
6 18
6 19
6 20
6 21
6 22
6 23
6 24
7 8
7 10
7 11
7 12
7 13
7 14
7 15
7 16
7 17
7 18
7 19
7 20
7 21
7 22
7 23
7 24
8 9
8 10
8 11
8 12
8 13
8 14
8 15
8 16
8 17
8 18
8 19
8 20
8 21
8 22
8 23
8 24
9 10
9 11
9 12
9 13
9 15
9 16
9 17
9 18
9 19
9 20
9 21
9 22
9 23
9 24
10 11
10 12
10 13
10 14
10 15
10 16
10 17
10 18
10 19
10 20
10 21
10 22
10 23
10 24
11 12
11 13
11 14
11 15
11 16
11 17
11 18
11 19
11 20
11 21
11 22
11 24
12 13
12 14
12 15
12 16
12 17
12 18
12 19
12 20
12 21
12 22
12 23
12 24
13 14
13 15
13 16
13 17
13 18
13 19
13 20
13 21
13 22
13 23
13 24
14 15
14 16
14 17
14 18
14 19
14 20
14 21
14 22
14 23
14 24
15 16
15 17
15 18
15 19
15 20
15 21
15 22
15 23
15 24
16 17
16 18
16 19
16 20
16 21
16 22
16 23
16 24
17 18
17 19
17 20
17 21
17 22
17 23
17 24
18 19
18 20
18 21
18 22
18 23
18 24
19 20
19 21
19 22
19 23
19 24
20 21
20 22
20 23
20 24
21 22
21 23
21 24
22 23
22 24
23 24
28 118
1 2
1 5
1 13
1 15
1 16
1 19
1 21
1 23
1 24
1 25
2 3
2 5
2 6
2 7
2 10
2 11
2 12
2 15
2 19
2 25
2 26
3 4
3 7
3 8
3 17
3 22
3 23
3 24
4 6
4 8
4 11
4 12
4 15
4 18
4 27
5 10
5 11
5 15
5 19
5 20
5 26
5 27
6 11
6 26
7 9
7 10
7 13
7 14
7 15
7 20
7 21
7 23
7 24
8 12
8 15
8 23
9 11
9 17
9 19
9 20
9 22
10 14
10 15
10 16
10 20
10 21
10 26
11 12
11 13
11 15
11 22
11 24
12 13
12 14
12 15
12 19
12 21
12 22
12 27
13 15
13 20
13 21
13 23
14 15
14 16
14 18
14 19
14 20
14 27
15 17
15 18
15 20
15 22
16 18
16 24
17 18
17 20
17 26
18 19
18 21
18 22
18 24
18 28
19 22
19 23
20 21
20 22
20 25
21 23
21 25
21 27
21 28
22 25
22 26
23 24
23 25
23 26
23 28
32 184
1 2
1 6
1 7
1 14
1 26
1 27
1 28
1 29
1 30
2 4
2 5
2 8
2 9
2 11
2 12
2 13
2 15
2 16
2 17
2 18
2 22
2 23
2 29
2 31
3 4
3 7
3 12
3 17
3 21
3 24
3 26
3 27
4 7
4 8
4 13
4 18
4 21
4 25
4 27
5 12
5 13
5 20
5 23
5 28
6 7
6 14
6 18
6 20
6 22
6 25
6 26
6 31
6 32
7 8
7 13
7 14
7 15
7 19
7 22
7 23
7 25
7 26
7 27
7 29
7 30
7 31
8 15
8 16
8 18
8 19
8 20
8 21
8 24
8 25
8 26
8 29
8 30
8 32
9 10
9 13
9 19
9 20
9 21
9 31
9 32
10 11
10 14
10 16
10 18
10 19
10 21
10 22
10 23
10 24
10 25
10 26
10 28
10 30
10 31
11 13
11 17
11 21
11 22
11 24
11 25
11 28
11 31
11 32
12 15
12 16
12 18
12 21
13 15
13 16
13 19
13 20
13 22
13 28
14 15
14 16
14 18
14 19
14 20
14 22
14 23
14 25
14 27
15 16
15 17
15 19
15 20
15 21
15 22
16 17
16 18
16 19
16 22
16 24
16 25
16 28
16 30
17 18
17 20
17 23
17 24
17 27
17 30
17 31
18 20
18 22
18 23
18 24
18 25
18 28
18 29
18 30
19 22
19 27
19 28
20 26
20 28
20 30
21 22
21 23
21 27
21 30
21 31
22 27
22 28
22 29
23 25
23 28
23 30
24 25
24 26
24 28
24 30
24 32
25 27
26 30
26 31
27 28
28 29
28 32
20 180
1 2
1 3
1 4
1 5
1 6
1 7
1 8
1 9
1 10
1 11
1 12
1 13
1 14
1 15
1 16
1 17
1 19
1 20
2 3
2 4
2 5
2 6
2 7
2 8
2 9
2 10
2 11
2 12
2 13
2 14
2 15
2 16
2 17
2 18
2 19
2 20
3 4
3 5
3 6
3 8
3 9
3 10
3 11
3 12
3 13
3 14
3 15
3 17
3 18
3 19
3 20
4 5
4 6
4 7
4 9
4 10
4 11
4 12
4 13
4 14
4 15
4 16
4 17
4 18
4 19
4 20
5 6
5 7
5 8
5 9
5 10
5 11
5 12
5 13
5 14
5 15
5 16
5 17
5 18
5 19
6 7
6 8
6 9
6 10
6 11
6 12
6 13
6 14
6 15
6 16
6 18
6 19
6 20
7 8
7 9
7 10
7 11
7 12
7 13
7 14
7 15
7 16
7 17
7 18
7 19
7 20
8 10
8 11
8 12
8 13
8 14
8 15
8 16
8 17
8 18
8 20
9 10
9 11
9 12
9 14
9 15
9 16
9 17
9 18
9 19
9 20
10 11
10 12
10 13
10 14
10 16
10 17
10 18
10 19
10 20
11 12
11 13
11 14
11 15
11 16
11 17
11 18
11 19
11 20
12 13
12 14
12 15
12 16
12 17
12 18
12 19
12 20
13 14
13 15
13 16
13 17
13 18
13 19
13 20
14 15
14 16
14 17
14 18
14 19
14 20
15 16
15 17
15 18
15 19
15 20
16 17
16 18
16 19
16 20
17 18
17 19
17 20
18 19
18 20
19 20
29 307
1 2
1 3
1 4
1 6
1 7
1 8
1 9
1 10
1 12
1 13
1 14
1 16
1 17
1 18
1 19
1 20
1 21
1 22
1 24
1 26
1 27
1 28
1 29
2 3
2 4
2 5
2 6
2 8
2 10
2 12
2 14
2 15
2 16
2 17
2 18
2 19
2 20
2 22
2 24
2 25
2 26
2 27
2 28
3 4
3 5
3 8
3 9
3 10
3 12
3 13
3 14
3 15
3 16
3 17
3 18
3 19
3 20
3 24
3 26
3 27
3 28
3 29
4 7
4 10
4 11
4 13
4 15
4 16
4 17
4 18
4 20
4 22
4 23
4 24
4 26
4 29
5 7
5 8
5 9
5 10
5 11
5 12
5 13
5 14
5 15
5 16
5 17
5 18
5 19
5 20
5 21
5 22
5 24
5 25
5 26
5 28
6 7
6 8
6 9
6 11
6 12
6 13
6 15
6 17
6 18
6 19
6 21
6 22
6 23
6 25
6 26
7 8
7 9
7 10
7 11
7 13
7 14
7 16
7 17
7 18
7 21
7 23
7 24
7 25
7 26
7 27
8 9
8 10
8 11
8 12
8 13
8 15
8 16
8 17
8 19
8 21
8 22
8 23
8 25
8 27
9 10
9 11
9 12
9 13
9 14
9 15
9 16
9 17
9 18
9 19
9 20
9 22
9 23
9 24
9 25
9 26
9 27
9 28
9 29
10 13
10 14
10 15
10 16
10 17
10 18
10 19
10 20
10 21
10 22
10 24
10 25
10 27
10 28
10 29
11 12
11 13
11 15
11 16
11 17
11 19
11 20
11 21
11 22
11 23
11 25
11 26
11 28
12 13
12 14
12 15
12 17
12 18
12 19
12 20
12 21
12 22
12 24
12 25
12 26
12 28
12 29
13 14
13 15
13 17
13 18
13 19
13 20
13 21
13 23
13 24
13 25
13 26
13 27
13 29
14 15
14 17
14 18
14 19
14 20
14 22
14 24
14 25
14 26
14 28
14 29
15 16
15 17
15 19
15 20
15 21
15 22
15 24
15 25
15 26
15 27
15 28
15 29
16 17
16 19
16 20
16 21
16 22
16 24
16 25
16 27
16 28
17 18
17 20
17 21
17 23
17 24
17 26
17 27
17 28
17 29
18 20
18 21
18 22
18 24
18 25
18 26
18 28
18 29
19 20
19 21
19 22
19 23
19 24
19 26
19 28
20 21
20 22
20 23
20 24
20 25
20 26
20 27
20 28
20 29
21 22
21 23
21 24
21 28
21 29
22 23
22 24
22 25
22 26
22 28
23 24
23 25
23 26
23 27
23 29
24 25
24 26
24 27
24 28
24 29
25 26
25 27
25 28
26 27
26 28
26 29
27 28
28 29
29 91
1 2
1 3
1 8
1 11
1 12
1 17
1 18
1 24
1 28
2 4
2 5
2 6
2 13
2 14
2 20
2 24
3 4
3 7
3 8
3 9
3 10
3 11
3 12
3 13
3 18
3 26
3 27
3 29
4 5
4 8
4 16
4 18
4 28
5 7
5 8
5 13
5 23
6 12
6 16
6 19
6 21
6 26
6 28
7 9
7 10
7 11
7 14
7 19
7 21
7 27
8 9
8 10
8 16
8 18
9 10
9 17
9 21
9 26
9 27
10 17
10 22
10 24
11 17
11 23
12 15
12 23
13 18
13 22
14 21
15 16
15 23
15 29
16 17
16 23
18 21
18 25
18 26
18 29
19 20
19 26
19 28
20 25
21 23
21 25
21 28
22 24
22 27
22 28
24 29
27 28
27 29
45 206
1 2
1 5
1 6
1 10
1 13
1 22
1 25
1 27
1 29
1 32
1 34
1 35
1 45
2 3
2 6
2 7
2 9
2 11
2 13
2 14
2 16
2 17
2 22
2 26
2 29
2 33
2 45
3 4
3 5
3 8
3 12
3 14
3 19
3 25
3 26
3 36
3 37
3 38
4 8
4 9
4 11
4 12
4 22
4 23
4 36
4 40
4 41
4 42
4 43
5 10
5 13
5 24
5 40
5 45
6 7
6 11
6 15
6 25
6 26
6 33
6 37
7 16
7 21
7 37
7 43
8 9
8 13
8 18
8 21
8 30
8 34
8 36
8 37
8 38
8 40
8 41
8 43
9 12
9 14
9 16
9 21
9 27
9 30
9 38
9 44
10 13
10 14
10 16
10 18
10 22
10 23
10 24
10 31
10 35
10 37
10 38
10 41
10 44
11 24
11 25
11 38
11 43
12 15
12 19
12 21
12 24
12 27
12 35
12 42
12 45
13 15
13 19
13 20
13 21
13 24
13 44
14 17
14 18
14 21
14 24
14 28
14 31
14 40
14 44
14 45
15 16
15 43
16 17
16 23
16 24
16 25
16 27
16 28
16 30
16 31
16 39
17 19
17 22
17 23
17 25
17 36
18 31
18 35
18 43
19 20
19 24
19 28
19 31
19 33
19 36
19 42
20 24
20 35
20 39
21 27
21 42
22 29
22 30
22 33
22 41
22 42
23 30
23 38
23 41
23 42
23 44
24 30
24 43
25 37
25 38
25 41
26 31
26 32
26 37
26 40
26 41
27 33
27 34
27 38
28 30
28 31
28 35
28 42
29 30
29 33
29 36
29 45
30 32
30 33
30 39
30 43
30 44
31 33
33 34
33 38
33 41
33 43
34 39
34 40
34 44
34 45
35 43
36 37
36 41
38 44
39 40
16 34
1 3
1 4
1 9
1 14
2 12
2 14
2 16
3 8
3 14
4 5
4 13
4 16
5 8
5 11
6 10
7 8
7 9
7 10
7 11
7 14
7 16
8 11
8 15
10 11
10 13
10 15
11 13
11 15
12 16
13 15
13 16
14 15
14 16
15 16
3 2
1 2
1 3
25 109
1 2
1 3
1 4
1 5
1 6
1 16
1 18
1 19
1 20
1 23
1 24
1 25
2 4
2 7
2 8
2 13
2 14
2 15
2 20
3 4
3 8
3 15
3 16
3 19
3 20
3 21
3 23
4 5
4 8
4 9
4 10
4 11
4 13
4 15
4 19
4 21
4 22
4 23
5 7
5 9
5 11
5 15
5 17
5 23
5 25
6 8
6 10
6 11
6 16
6 25
7 8
7 9
7 10
7 12
7 18
7 20
7 21
7 23
7 24
8 13
8 16
8 18
8 22
8 24
9 12
9 14
9 15
9 16
9 25
10 13
10 14
10 15
10 17
10 19
10 20
10 24
11 14
11 16
11 19
12 13
12 14
12 20
12 23
13 14
13 25
14 16
14 18
14 22
14 23
14 24
15 17
15 18
15 20
15 23
15 24
15 25
16 20
16 21
16 22
16 23
16 25
17 21
17 22
18 24
19 21
20 24
21 22
21 24
22 23
2 1
1 2
45 826
1 2
1 3
1 4
1 5
1 6
1 7
1 8
1 9
1 10
1 11
1 12
1 13
1 14
1 15
1 16
1 17
1 20
1 22
1 23
1 24
1 26
1 27
1 28
1 29
1 30
1 31
1 32
1 33
1 34
1 35
1 36
1 37
1 39
1 40
1 41
1 42
1 44
1 45
2 3
2 4
2 5
2 6
2 7
2 8
2 9
2 10
2 11
2 12
2 13
2 14
2 15
2 17
2 18
2 19
2 21
2 22
2 23
2 24
2 25
2 26
2 29
2 31
2 34
2 35
2 36
2 37
2 38
2 39
2 42
2 43
2 44
2 45
3 4
3 5
3 6
3 7
3 8
3 9
3 10
3 11
3 12
3 13
3 14
3 15
3 17
3 18
3 19
3 20
3 21
3 22
3 23
3 24
3 26
3 27
3 28
3 29
3 31
3 34
3 35
3 36
3 37
3 38
3 39
3 41
3 42
3 43
3 44
3 45
4 7
4 8
4 9
4 10
4 11
4 12
4 13
4 15
4 16
4 17
4 18
4 19
4 21
4 22
4 23
4 24
4 25
4 26
4 27
4 28
4 29
4 30
4 31
4 32
4 35
4 36
4 37
4 38
4 39
4 40
4 41
4 42
4 43
4 44
4 45
5 6
5 7
5 8
5 9
5 10
5 11
5 12
5 13
5 14
5 15
5 16
5 17
5 18
5 19
5 20
5 21
5 22
5 23
5 24
5 25
5 26
5 27
5 28
5 29
5 30
5 31
5 32
5 33
5 34
5 35
5 38
5 40
5 41
5 43
5 44
5 45
6 7
6 8
6 9
6 10
6 11
6 12
6 13
6 14
6 15
6 16
6 17
6 18
6 22
6 25
6 26
6 27
6 28
6 29
6 30
6 31
6 32
6 33
6 34
6 37
6 38
6 39
6 40
6 41
6 42
6 43
6 45
7 8
7 9
7 10
7 11
7 12
7 13
7 14
7 16
7 17
7 18
7 19
7 20
7 21
7 22
7 23
7 24
7 26
7 27
7 29
7 31
7 32
7 33
7 34
7 35
7 36
7 37
7 38
7 39
7 40
7 41
7 42
7 43
7 44
7 45
8 9
8 10
8 11
8 13
8 15
8 17
8 18
8 19
8 20
8 21
8 22
8 23
8 24
8 25
8 26
8 27
8 28
8 29
8 30
8 31
8 32
8 33
8 34
8 35
8 36
8 39
8 40
8 41
8 42
8 43
8 44
8 45
9 10
9 11
9 12
9 13
9 14
9 15
9 17
9 18
9 19
9 20
9 21
9 22
9 23
9 25
9 26
9 27
9 28
9 29
9 30
9 31
9 32
9 33
9 35
9 36
9 37
9 38
9 39
9 40
9 41
9 42
9 43
9 44
9 45
10 11
10 12
10 13
10 14
10 15
10 18
10 19
10 20
10 21
10 22
10 25
10 26
10 27
10 28
10 29
10 30
10 31
10 33
10 34
10 35
10 36
10 37
10 38
10 39
10 40
10 41
10 42
10 43
10 44
10 45
11 12
11 13
11 15
11 16
11 17
11 18
11 19
11 20
11 22
11 23
11 24
11 25
11 27
11 29
11 30
11 31
11 32
11 33
11 34
11 35
11 36
11 37
11 38
11 39
11 40
11 41
11 42
11 43
11 45
12 13
12 14
12 15
12 16
12 17
12 18
12 19
12 20
12 21
12 23
12 26
12 27
12 28
12 29
12 30
12 33
12 34
12 35
12 36
12 37
12 38
12 40
12 41
12 42
12 43
12 44
12 45
13 14
13 15
13 16
13 17
13 18
13 19
13 20
13 21
13 22
13 23
13 24
13 25
13 26
13 28
13 29
13 31
13 32
13 33
13 34
13 35
13 36
13 37
13 38
13 39
13 41
13 42
13 43
13 45
14 15
14 16
14 17
14 18
14 21
14 22
14 23
14 24
14 25
14 26
14 27
14 28
14 30
14 32
14 34
14 35
14 37
14 39
14 40
14 42
14 45
15 16
15 17
15 18
15 19
15 21
15 22
15 23
15 24
15 25
15 26
15 27
15 29
15 30
15 31
15 32
15 33
15 34
15 35
15 36
15 37
15 39
15 40
15 43
15 45
16 17
16 18
16 20
16 21
16 22
16 23
16 25
16 26
16 27
16 29
16 30
16 31
16 32
16 33
16 34
16 35
16 36
16 37
16 39
16 40
16 42
16 43
16 44
17 18
17 19
17 21
17 22
17 24
17 25
17 26
17 27
17 28
17 29
17 31
17 32
17 34
17 35
17 37
17 38
17 39
17 41
17 42
17 43
17 44
18 19
18 20
18 21
18 22
18 23
18 26
18 27
18 28
18 29
18 31
18 33
18 35
18 36
18 37
18 38
18 39
18 40
18 41
18 43
18 44
18 45
19 20
19 21
19 22
19 24
19 25
19 26
19 27
19 28
19 29
19 30
19 31
19 32
19 33
19 34
19 35
19 36
19 37
19 38
19 42
19 43
20 21
20 22
20 23
20 24
20 25
20 26
20 27
20 28
20 29
20 30
20 31
20 33
20 34
20 35
20 36
20 37
20 38
20 41
20 42
20 43
20 44
20 45
21 22
21 24
21 25
21 26
21 27
21 28
21 30
21 34
21 35
21 38
21 40
21 41
21 43
21 44
21 45
22 23
22 24
22 26
22 27
22 28
22 29
22 30
22 31
22 32
22 33
22 35
22 36
22 37
22 38
22 40
22 41
22 42
22 43
22 44
22 45
23 24
23 25
23 26
23 27
23 28
23 30
23 31
23 32
23 33
23 34
23 35
23 37
23 39
23 40
23 41
23 42
23 43
23 44
23 45
24 25
24 26
24 27
24 28
24 29
24 30
24 31
24 32
24 33
24 34
24 35
24 36
24 37
24 38
24 39
24 41
24 42
24 44
25 26
25 27
25 28
25 29
25 30
25 32
25 33
25 34
25 35
25 36
25 37
25 41
25 42
25 43
25 44
26 27
26 28
26 29
26 30
26 31
26 32
26 33
26 34
26 35
26 36
26 37
26 41
26 42
26 44
26 45
27 28
27 29
27 30
27 31
27 33
27 34
27 35
27 36
27 38
27 39
27 40
27 42
27 43
27 44
27 45
28 29
28 30
28 31
28 32
28 33
28 34
28 35
28 36
28 37
28 38
28 39
28 40
28 41
28 42
28 43
28 44
28 45
29 30
29 31
29 32
29 33
29 34
29 35
29 36
29 38
29 39
29 40
29 42
29 43
29 44
29 45
30 31
30 32
30 33
30 35
30 37
30 38
30 39
30 41
30 43
30 44
31 33
31 34
31 35
31 37
31 38
31 39
31 40
31 41
31 42
31 43
31 44
31 45
32 33
32 34
32 35
32 37
32 38
32 39
32 40
32 41
32 43
32 44
32 45
33 34
33 35
33 36
33 37
33 38
33 39
33 41
33 42
33 43
33 44
33 45
34 35
34 36
34 37
34 39
34 40
34 41
34 42
34 43
34 44
34 45
35 36
35 37
35 38
35 39
35 40
35 41
35 42
35 44
35 45
36 37
36 38
36 39
36 40
36 41
36 43
36 44
36 45
37 38
37 40
37 41
37 42
37 43
37 44
37 45
38 39
38 40
38 42
38 43
38 44
38 45
39 40
39 41
39 42
39 43
39 44
40 41
40 42
40 43
40 44
40 45
41 42
41 43
41 44
41 45
42 43
42 44
42 45
43 45
44 45
50 205
1 4
1 6
1 12
1 17
1 19
1 20
1 24
1 25
1 31
1 38
1 41
1 43
2 7
2 10
2 22
2 23
2 29
2 35
2 36
2 49
3 21
3 24
3 32
3 37
3 43
3 45
3 46
4 15
4 17
4 37
4 41
5 8
5 37
5 46
6 8
6 11
6 20
6 23
6 27
6 30
6 33
6 42
7 15
7 16
7 18
7 29
7 33
7 35
7 36
7 39
7 40
7 47
8 10
8 13
8 24
8 27
8 30
8 35
8 38
8 44
9 10
9 13
9 19
9 20
9 23
9 28
9 35
9 41
9 47
10 17
10 29
10 37
10 40
10 50
11 14
11 17
11 34
11 44
11 47
12 14
12 17
12 28
12 37
12 38
12 45
13 24
13 26
13 40
13 45
13 46
14 22
14 26
14 30
14 34
14 39
14 40
14 46
15 16
15 23
15 24
15 33
15 37
15 41
15 42
15 49
16 17
16 21
16 30
16 34
17 18
17 20
17 26
17 32
17 34
17 35
17 37
17 49
18 31
18 39
18 40
18 47
18 48
18 50
19 26
19 28
19 31
19 43
19 45
20 29
20 32
20 36
20 44
20 49
21 22
21 25
21 28
21 29
21 32
21 41
21 43
22 29
22 35
22 37
22 38
23 25
23 42
23 45
23 47
24 25
24 32
25 32
25 34
25 39
25 41
25 50
26 32
26 35
26 40
26 42
27 34
27 35
27 39
27 40
27 44
28 46
29 32
29 37
29 47
29 49
30 32
30 35
30 36
30 38
30 45
31 46
31 48
32 36
32 45
32 48
32 49
33 36
33 38
33 47
33 48
33 49
34 50
35 38
35 40
35 44
35 47
37 42
37 44
37 46
37 48
37 49
38 40
38 49
38 50
39 41
39 43
41 47
42 47
43 44
46 48
47 49
18 102
1 2
1 3
1 6
1 8
1 10
1 12
1 13
1 15
1 16
1 17
1 18
2 3
2 4
2 6
2 7
2 8
2 9
2 10
2 11
2 12
2 14
2 16
2 17
3 4
3 7
3 10
3 11
3 12
3 13
3 15
3 18
4 5
4 7
4 9
4 10
4 11
4 13
4 14
4 16
4 18
5 6
5 7
5 8
5 9
5 10
5 11
5 13
5 14
5 15
5 16
5 17
5 18
6 8
6 9
6 10
6 12
6 13
6 14
6 15
6 17
7 9
7 10
7 11
7 13
7 14
7 15
7 17
8 9
8 10
8 11
8 12
8 13
9 10
9 11
9 12
9 13
9 14
9 15
9 18
10 11
10 12
10 13
10 15
10 16
10 17
10 18
11 12
11 16
11 17
11 18
12 14
12 16
12 18
13 14
13 16
13 17
13 18
14 17
15 16
15 17
16 17
17 18
19 86
1 2
1 4
1 5
1 6
1 8
1 11
1 12
1 13
1 15
1 17
2 3
2 4
2 5
2 9
2 10
2 12
2 16
2 17
3 4
3 5
3 7
3 8
3 12
3 13
3 14
3 18
4 6
4 9
4 10
4 15
4 17
5 7
5 8
5 10
5 12
5 17
5 18
5 19
6 8
6 10
6 12
6 13
7 10
7 12
7 13
7 14
7 16
7 17
7 19
8 10
8 12
8 14
8 15
8 16
8 17
9 12
9 13
9 14
9 15
9 17
9 18
10 11
10 12
10 13
11 12
11 13
11 14
11 15
11 17
11 19
12 13
12 14
12 16
12 17
12 18
13 14
13 15
14 15
14 17
14 18
14 19
15 18
16 18
16 19
17 18
17 19
5 7
1 2
1 4
1 5
2 3
2 5
3 5
4 5
42 476
1 2
1 3
1 4
1 6
1 11
1 12
1 13
1 16
1 17
1 19
1 23
1 27
1 29
1 31
1 32
1 33
1 34
1 35
1 36
1 38
1 40
2 3
2 4
2 7
2 11
2 12
2 14
2 16
2 17
2 18
2 19
2 21
2 22
2 24
2 25
2 26
2 27
2 33
2 37
2 38
2 39
2 40
2 41
2 42
3 4
3 5
3 6
3 7
3 8
3 9
3 10
3 12
3 13
3 14
3 16
3 18
3 20
3 22
3 23
3 24
3 25
3 26
3 27
3 29
3 31
3 33
3 34
3 35
3 36
3 37
3 38
3 39
3 41
3 42
4 5
4 7
4 8
4 9
4 10
4 13
4 15
4 18
4 19
4 21
4 26
4 27
4 28
4 30
4 31
4 32
4 34
4 36
4 38
4 40
4 41
4 42
5 7
5 9
5 10
5 13
5 14
5 15
5 18
5 19
5 20
5 21
5 22
5 23
5 28
5 29
5 31
5 32
5 33
5 34
5 35
5 37
5 39
5 40
5 41
5 42
6 7
6 13
6 15
6 17
6 19
6 20
6 21
6 22
6 24
6 27
6 30
6 33
6 34
6 36
6 39
6 40
6 42
7 9
7 12
7 13
7 15
7 16
7 17
7 18
7 19
7 20
7 21
7 22
7 23
7 24
7 26
7 27
7 29
7 30
7 36
7 37
7 39
7 42
8 11
8 14
8 15
8 16
8 18
8 23
8 24
8 25
8 31
8 33
8 36
8 38
9 10
9 13
9 15
9 17
9 18
9 21
9 22
9 23
9 25
9 26
9 27
9 28
9 29
9 30
9 32
9 36
9 39
9 40
10 11
10 12
10 16
10 18
10 21
10 22
10 23
10 24
10 27
10 28
10 30
10 32
10 34
10 36
10 38
10 40
10 41
11 13
11 14
11 15
11 17
11 18
11 19
11 20
11 21
11 30
11 31
11 34
11 35
11 36
11 37
11 38
11 39
11 40
11 41
11 42
12 15
12 18
12 20
12 23
12 24
12 25
12 29
12 30
12 31
12 34
12 35
12 36
12 38
12 41
13 16
13 17
13 18
13 20
13 21
13 22
13 24
13 25
13 26
13 32
13 33
13 34
13 35
13 37
13 39
13 40
13 41
14 16
14 17
14 18
14 20
14 24
14 26
14 28
14 29
14 31
14 32
14 33
14 37
14 38
14 40
14 41
14 42
15 17
15 20
15 22
15 25
15 28
15 30
15 33
15 34
15 35
15 36
15 40
15 41
15 42
16 17
16 19
16 20
16 22
16 23
16 24
16 25
16 26
16 29
16 31
16 32
16 34
16 35
16 37
16 38
16 39
16 42
17 19
17 22
17 24
17 25
17 27
17 28
17 31
17 32
17 34
17 35
17 38
18 19
18 20
18 21
18 22
18 23
18 24
18 26
18 28
18 31
18 33
18 38
18 40
18 42
19 22
19 24
19 25
19 26
19 27
19 28
19 30
19 34
19 35
19 37
19 38
19 42
20 23
20 24
20 25
20 26
20 27
20 28
20 29
20 31
20 32
20 33
20 35
20 40
20 42
21 22
21 25
21 26
21 30
21 33
21 34
21 36
21 37
21 39
21 40
21 42
22 24
22 32
22 35
22 38
22 40
22 42
23 24
23 25
23 26
23 27
23 28
23 32
23 34
23 35
23 40
23 42
24 25
24 26
24 27
24 29
24 31
24 33
24 34
24 37
24 38
24 39
25 26
25 28
25 29
25 32
25 37
25 38
25 42
26 27
26 28
26 29
26 30
26 31
26 33
26 34
26 35
26 37
26 38
26 39
26 40
26 41
26 42
27 29
27 30
27 31
27 34
27 35
27 36
27 37
27 38
27 40
27 41
28 30
28 31
28 32
28 35
28 36
28 37
28 40
28 41
28 42
29 31
29 32
29 33
29 36
29 38
29 39
29 40
29 42
30 31
30 32
30 35
30 38
30 39
30 40
30 42
31 32
31 33
31 36
31 38
31 39
31 40
32 33
32 34
32 37
32 40
32 41
33 36
33 37
34 35
34 36
34 38
34 40
34 41
34 42
35 37
35 39
35 41
36 37
36 39
36 40
37 38
37 39
37 40
38 39
38 40
39 40
39 42
40 42
41 42
49 743
1 3
1 4
1 5
1 6
1 8
1 9
1 15
1 17
1 18
1 22
1 23
1 24
1 25
1 26
1 28
1 29
1 30
1 31
1 33
1 34
1 36
1 37
1 38
1 40
1 41
1 42
1 43
1 47
1 48
2 4
2 5
2 7
2 8
2 9
2 10
2 11
2 12
2 16
2 17
2 18
2 20
2 22
2 23
2 24
2 25
2 26
2 28
2 30
2 31
2 32
2 33
2 34
2 35
2 36
2 37
2 38
2 39
2 42
2 44
2 45
2 46
2 47
2 48
2 49
3 5
3 6
3 7
3 11
3 12
3 14
3 15
3 16
3 17
3 18
3 19
3 20
3 24
3 25
3 26
3 31
3 32
3 33
3 35
3 37
3 39
3 41
3 43
3 46
3 47
3 48
4 5
4 6
4 7
4 9
4 11
4 12
4 15
4 16
4 18
4 20
4 21
4 23
4 25
4 27
4 29
4 30
4 31
4 32
4 33
4 35
4 36
4 38
4 39
4 41
4 42
4 43
4 44
4 49
5 7
5 11
5 12
5 13
5 14
5 16
5 17
5 19
5 20
5 22
5 23
5 24
5 25
5 26
5 28
5 29
5 30
5 34
5 36
5 37
5 38
5 39
5 40
5 41
5 42
5 43
5 48
6 7
6 9
6 12
6 18
6 19
6 20
6 21
6 22
6 23
6 24
6 25
6 26
6 27
6 28
6 31
6 32
6 33
6 34
6 35
6 37
6 39
6 40
6 43
6 45
6 47
6 48
7 8
7 9
7 10
7 12
7 17
7 18
7 19
7 20
7 23
7 24
7 25
7 27
7 28
7 31
7 32
7 33
7 36
7 37
7 38
7 39
7 42
7 44
7 45
7 46
7 48
7 49
8 11
8 12
8 13
8 16
8 17
8 18
8 20
8 21
8 22
8 23
8 24
8 26
8 28
8 29
8 30
8 33
8 34
8 35
8 37
8 38
8 44
8 45
8 47
8 48
8 49
9 10
9 12
9 13
9 14
9 17
9 18
9 20
9 22
9 23
9 27
9 28
9 29
9 30
9 31
9 33
9 35
9 39
9 41
9 42
9 43
9 45
9 46
9 48
9 49
10 11
10 12
10 13
10 14
10 15
10 16
10 19
10 22
10 24
10 27
10 28
10 30
10 32
10 33
10 34
10 36
10 37
10 38
10 39
10 40
10 41
10 42
10 43
10 44
10 45
10 46
10 47
10 48
10 49
11 13
11 15
11 17
11 22
11 23
11 25
11 26
11 27
11 28
11 29
11 31
11 32
11 34
11 36
11 37
11 38
11 39
11 40
11 41
11 42
11 43
11 44
11 46
11 47
11 48
11 49
12 16
12 17
12 19
12 20
12 21
12 23
12 25
12 26
12 27
12 28
12 29
12 32
12 33
12 34
12 36
12 37
12 38
12 40
12 41
12 42
12 43
12 44
12 46
12 47
12 48
12 49
13 15
13 17
13 18
13 19
13 21
13 23
13 25
13 26
13 30
13 31
13 32
13 33
13 34
13 35
13 36
13 37
13 38
13 39
13 43
13 46
13 48
14 15
14 19
14 20
14 21
14 22
14 23
14 24
14 25
14 26
14 27
14 28
14 30
14 31
14 34
14 37
14 38
14 40
14 41
14 42
14 43
14 45
14 46
14 48
15 16
15 19
15 21
15 22
15 25
15 26
15 28
15 29
15 32
15 35
15 37
15 38
15 39
15 40
15 42
15 43
15 45
15 47
15 49
16 17
16 18
16 19
16 20
16 22
16 23
16 25
16 26
16 29
16 32
16 34
16 35
16 36
16 41
16 42
16 43
16 44
16 45
16 48
16 49
17 18
17 19
17 23
17 24
17 26
17 27
17 29
17 30
17 31
17 34
17 35
17 36
17 37
17 38
17 39
17 42
17 43
17 45
17 46
18 23
18 25
18 30
18 32
18 33
18 34
18 36
18 37
18 38
18 41
18 43
18 44
18 45
18 47
19 20
19 21
19 22
19 24
19 25
19 26
19 27
19 28
19 29
19 31
19 38
19 39
19 40
19 41
19 42
19 43
19 44
19 45
19 47
19 48
19 49
20 21
20 22
20 24
20 25
20 26
20 27
20 29
20 31
20 32
20 35
20 36
20 39
20 40
20 41
20 42
20 43
20 44
20 47
21 22
21 24
21 25
21 26
21 27
21 28
21 29
21 31
21 32
21 33
21 35
21 37
21 39
21 40
21 43
21 44
21 45
21 47
22 23
22 24
22 25
22 27
22 28
22 32
22 33
22 37
22 38
22 43
22 46
22 47
22 48
22 49
23 24
23 26
23 27
23 28
23 29
23 31
23 32
23 33
23 34
23 35
23 38
23 41
23 42
23 44
23 48
23 49
24 25
24 26
24 27
24 29
24 32
24 36
24 37
24 38
24 39
24 40
24 43
24 44
24 47
24 48
24 49
25 26
25 27
25 28
25 30
25 31
25 35
25 38
25 39
25 41
25 42
25 43
25 44
25 47
25 48
26 27
26 28
26 29
26 30
26 31
26 32
26 33
26 34
26 35
26 36
26 37
26 40
26 41
26 42
26 44
26 47
26 48
27 29
27 30
27 31
27 32
27 35
27 37
27 38
27 39
27 43
27 44
27 45
27 46
27 49
28 29
28 30
28 31
28 32
28 33
28 34
28 35
28 38
28 39
28 40
28 41
28 44
28 45
28 46
28 48
28 49
29 30
29 31
29 33
29 34
29 35
29 37
29 38
29 40
29 42
29 43
29 44
29 45
29 47
29 48
29 49
30 34
30 35
30 36
30 39
30 40
30 41
30 42
30 45
30 49
31 32
31 34
31 36
31 37
31 39
31 41
31 42
31 43
31 46
31 47
31 49
32 33
32 35
32 36
32 37
32 38
32 39
32 41
32 43
32 44
32 45
32 46
32 47
32 49
33 35
33 37
33 38
33 40
33 41
33 42
33 43
33 44
33 45
33 49
34 35
34 36
34 37
34 39
34 41
34 43
34 44
34 46
34 47
34 49
35 37
35 39
35 40
35 41
35 42
35 43
35 44
35 45
35 46
35 47
36 37
36 38
36 39
36 41
36 43
36 44
36 45
36 48
36 49
37 38
37 39
37 40
37 41
37 42
37 44
37 46
37 47
37 48
38 39
38 40
38 44
38 45
38 46
38 47
38 49
39 40
39 43
39 45
39 46
39 48
39 49
40 41
40 42
40 44
41 42
41 43
41 44
41 45
41 46
41 47
41 48
42 44
42 46
42 47
42 49
43 45
43 46
43 47
43 49
44 45
44 46
44 49
45 46
45 47
45 48
45 49
46 48
47 48
47 49
48 49
35 229
1 5
1 10
1 11
1 16
1 20
1 21
1 22
1 25
1 26
1 28
1 29
1 30
1 34
1 35
2 3
2 7
2 10
2 13
2 14
2 19
2 20
2 21
2 22
2 30
2 34
3 5
3 7
3 9
3 10
3 11
3 12
3 17
3 18
3 21
3 22
3 24
3 27
3 32
3 33
3 34
4 8
4 13
4 14
4 19
4 21
4 26
4 27
4 30
4 34
4 35
5 9
5 11
5 12
5 16
5 17
5 21
5 22
5 23
5 24
5 26
5 29
5 31
5 33
5 35
6 9
6 11
6 12
6 13
6 17
6 19
6 30
6 31
6 35
7 8
7 10
7 12
7 15
7 16
7 17
7 18
7 19
7 20
7 23
7 24
7 26
7 32
8 9
8 10
8 15
8 17
8 18
8 20
8 22
8 23
8 24
8 26
8 28
8 30
8 31
8 34
9 10
9 12
9 13
9 17
9 20
9 21
9 27
9 30
10 13
10 14
10 15
10 17
10 19
10 21
10 23
10 25
10 26
10 35
11 14
11 16
11 17
11 20
11 21
11 25
11 26
11 27
11 28
11 31
11 32
11 34
12 18
12 22
12 23
12 26
12 27
12 29
12 32
12 33
12 34
13 17
13 21
13 23
13 30
13 33
13 35
14 21
14 22
14 30
14 31
14 35
15 16
15 19
15 20
15 29
15 31
15 32
15 35
16 17
16 23
16 24
16 25
16 26
16 28
16 33
16 35
17 20
17 21
17 24
17 25
17 29
17 31
18 20
18 21
18 22
18 23
18 31
19 20
19 21
19 23
19 27
19 29
19 30
19 32
19 33
19 35
20 23
20 24
20 25
20 26
20 28
20 31
20 34
21 23
21 29
21 33
21 35
22 23
22 26
22 29
23 24
23 29
23 32
23 35
24 26
24 31
24 32
24 34
24 35
25 28
25 29
25 31
25 33
26 30
26 32
27 32
27 34
28 30
28 31
28 32
28 34
29 30
29 31
30 31
30 33
31 33
31 35
32 33
32 35
33 34
32 272
1 2
1 3
1 5
1 8
1 10
1 11
1 12
1 13
1 15
1 16
1 17
1 19
1 20
1 25
1 26
1 31
1 32
2 3
2 6
2 7
2 8
2 9
2 10
2 11
2 12
2 13
2 14
2 16
2 17
2 19
2 21
2 22
2 24
2 28
2 29
3 4
3 5
3 6
3 7
3 8
3 9
3 10
3 11
3 12
3 15
3 16
3 21
3 22
3 23
3 24
3 26
3 27
3 30
3 31
4 5
4 6
4 7
4 10
4 11
4 12
4 13
4 14
4 15
4 16
4 17
4 18
4 20
4 21
4 22
4 24
4 25
4 26
4 29
4 32
5 7
5 10
5 13
5 14
5 16
5 19
5 21
5 22
5 25
5 27
5 28
5 30
5 31
5 32
6 7
6 8
6 12
6 13
6 14
6 15
6 16
6 17
6 18
6 20
6 21
6 22
6 23
6 24
6 25
6 30
6 32
7 9
7 10
7 17
7 18
7 19
7 21
7 22
7 23
7 24
7 28
7 29
8 9
8 12
8 14
8 17
8 19
8 22
8 23
8 24
8 25
8 26
8 28
8 29
8 30
9 10
9 12
9 13
9 14
9 16
9 18
9 24
9 25
9 28
9 29
9 32
10 11
10 13
10 15
10 16
10 17
10 19
10 24
10 27
10 28
10 29
10 32
11 12
11 14
11 15
11 17
11 18
11 19
11 20
11 21
11 27
11 28
11 31
12 13
12 14
12 20
12 21
12 22
12 24
12 26
12 28
13 16
13 17
13 18
13 23
13 26
13 27
13 28
13 29
13 30
13 31
13 32
14 15
14 16
14 17
14 21
14 22
14 23
14 29
14 31
15 16
15 17
15 18
15 19
15 20
15 23
15 25
15 26
15 29
15 31
15 32
16 17
16 18
16 20
16 21
16 23
16 24
16 25
16 29
16 30
16 31
17 18
17 19
17 21
17 23
17 24
17 26
17 27
17 28
17 32
18 23
18 25
18 30
18 32
19 20
19 22
19 23
19 25
19 26
19 27
19 28
19 29
19 31
19 32
20 23
20 24
20 25
20 29
20 31
20 32
21 24
21 25
21 26
21 29
21 30
22 23
22 24
22 28
22 30
22 32
23 24
23 26
23 28
23 31
23 32
24 28
24 29
24 30
24 31
25 27
25 28
25 29
25 30
26 27
26 29
26 31
26 32
27 29
27 30
28 32
29 31
29 32
30 31
2 1
1 2
42 297
1 2
1 3
1 9
1 10
1 11
1 12
1 15
1 18
1 23
1 24
1 25
1 28
1 35
1 38
1 39
1 41
2 6
2 7
2 11
2 12
2 17
2 20
2 23
2 24
2 26
2 34
2 35
2 42
3 4
3 5
3 9
3 10
3 12
3 13
3 15
3 17
3 23
3 24
3 25
3 28
3 36
3 37
4 5
4 7
4 9
4 10
4 11
4 12
4 15
4 19
4 22
4 23
4 24
4 25
4 26
4 30
4 32
4 36
4 39
4 41
5 6
5 7
5 9
5 16
5 17
5 23
5 25
5 26
5 27
5 30
5 35
5 36
5 37
5 38
6 9
6 11
6 12
6 13
6 15
6 18
6 19
6 23
6 26
6 29
6 31
6 37
6 41
7 8
7 10
7 13
7 21
7 24
7 25
7 28
7 30
7 31
7 34
7 41
8 10
8 16
8 21
8 24
8 26
8 27
8 30
8 35
8 36
8 38
8 41
9 16
9 27
9 41
10 14
10 15
10 17
10 19
10 20
10 22
10 25
10 31
10 32
10 33
10 40
11 12
11 17
11 18
11 19
11 20
11 22
11 24
11 31
11 32
11 33
11 36
11 38
11 40
12 20
12 21
12 29
12 31
12 33
12 37
13 19
13 23
13 27
13 28
13 30
13 33
13 34
13 36
13 37
14 20
14 27
14 29
14 30
14 32
14 37
14 42
15 16
15 17
15 18
15 20
15 25
15 26
15 27
15 29
15 35
15 38
15 41
16 18
16 22
16 23
16 32
16 33
16 34
16 35
16 38
16 39
16 40
17 20
17 21
17 22
17 23
17 25
17 26
17 32
17 37
18 19
18 25
18 27
18 28
18 29
18 30
18 32
18 34
18 35
18 39
18 41
18 42
19 21
19 26
19 27
19 35
19 37
19 38
19 39
19 40
20 22
20 24
20 26
20 29
20 31
20 35
20 37
20 38
20 39
20 40
20 42
21 25
21 27
21 32
21 34
21 38
22 24
22 27
22 30
22 31
22 33
22 35
22 42
23 24
23 26
23 30
23 32
23 34
23 35
23 38
23 41
24 28
24 29
24 32
24 34
24 35
24 36
24 37
24 39
24 40
25 26
25 33
25 34
25 38
25 39
26 27
26 29
26 33
26 34
26 36
26 41
27 30
27 31
27 34
27 42
28 29
28 32
28 35
28 36
28 39
28 42
29 30
29 31
29 36
30 31
30 34
30 35
30 36
30 38
30 41
31 33
31 34
31 35
32 34
32 36
32 38
32 40
32 42
33 34
33 35
33 39
34 37
34 39
34 41
35 38
35 42
36 37
36 41
37 39
38 41
13 45
1 2
1 3
1 4
1 5
1 7
1 8
1 9
2 4
2 7
2 8
2 9
2 10
2 11
2 12
3 4
3 6
3 7
3 8
3 9
4 5
4 7
4 8
4 11
4 13
5 6
5 7
5 10
5 13
6 7
6 8
6 9
6 11
6 13
7 9
7 11
7 12
7 13
8 10
8 12
9 11
10 11
10 12
10 13
11 12
12 13
6 15
1 2
1 3
1 4
1 5
1 6
2 3
2 4
2 5
2 6
3 4
3 5
3 6
4 5
4 6
5 6
15 9
4 6
4 7
4 13
8 15
9 13
10 11
10 14
12 14
14 15
16 108
1 2
1 3
1 4
1 5
1 6
1 7
1 8
1 9
1 10
1 11
1 13
1 14
1 15
1 16
2 3
2 4
2 5
2 6
2 7
2 8
2 9
2 10
2 11
2 12
2 13
2 14
2 15
3 4
3 5
3 6
3 7
3 8
3 9
3 10
3 11
3 12
3 13
3 14
3 15
3 16
4 5
4 6
4 8
4 9
4 10
4 11
4 12
4 13
4 14
4 15
4 16
5 6
5 7
5 8
5 9
5 10
5 11
5 12
5 13
5 14
5 15
5 16
6 7
6 9
6 10
6 11
6 12
6 14
6 15
6 16
7 8
7 9
7 13
7 15
7 16
8 10
8 11
8 12
8 13
8 14
8 16
9 10
9 11
9 12
9 13
9 14
9 15
9 16
10 11
10 12
10 13
10 14
10 15
10 16
11 12
11 13
11 14
11 15
11 16
12 13
12 14
12 15
12 16
13 14
13 15
13 16
14 16
15 16
3 3
1 2
1 3
2 3
2 1
1 2
46 854
1 2
1 5
1 7
1 8
1 9
1 10
1 11
1 12
1 13
1 14
1 15
1 16
1 17
1 18
1 19
1 21
1 22
1 23
1 24
1 25
1 26
1 27
1 28
1 29
1 30
1 31
1 33
1 34
1 36
1 37
1 38
1 39
1 40
1 42
1 43
1 44
1 45
1 46
2 3
2 4
2 5
2 6
2 7
2 8
2 9
2 10
2 11
2 12
2 13
2 14
2 15
2 16
2 17
2 18
2 19
2 20
2 21
2 23
2 24
2 25
2 27
2 28
2 29
2 30
2 31
2 32
2 33
2 34
2 35
2 36
2 37
2 38
2 39
2 40
2 43
2 44
2 45
2 46
3 4
3 5
3 6
3 7
3 8
3 9
3 10
3 11
3 12
3 14
3 15
3 16
3 17
3 18
3 19
3 20
3 21
3 22
3 23
3 24
3 25
3 26
3 27
3 29
3 30
3 31
3 32
3 33
3 34
3 35
3 36
3 38
3 39
3 40
3 41
3 42
3 43
3 44
3 46
4 5
4 8
4 9
4 10
4 11
4 12
4 13
4 14
4 15
4 16
4 17
4 18
4 19
4 21
4 22
4 23
4 24
4 25
4 26
4 27
4 28
4 29
4 30
4 31
4 32
4 33
4 34
4 35
4 36
4 38
4 40
4 41
4 42
4 43
4 44
4 45
4 46
5 6
5 7
5 8
5 9
5 10
5 11
5 12
5 13
5 14
5 15
5 16
5 19
5 20
5 21
5 22
5 24
5 26
5 27
5 29
5 30
5 31
5 32
5 33
5 34
5 35
5 36
5 37
5 38
5 39
5 40
5 41
5 42
5 43
5 44
5 45
5 46
6 7
6 8
6 9
6 10
6 11
6 12
6 13
6 14
6 15
6 16
6 17
6 19
6 21
6 22
6 23
6 24
6 26
6 27
6 28
6 29
6 30
6 31
6 32
6 33
6 34
6 35
6 36
6 37
6 40
6 41
6 42
6 43
6 44
6 45
7 9
7 10
7 12
7 13
7 14
7 15
7 16
7 17
7 18
7 19
7 20
7 22
7 24
7 25
7 26
7 27
7 28
7 29
7 30
7 31
7 33
7 35
7 36
7 37
7 38
7 39
7 40
7 41
7 42
7 43
7 44
7 45
8 9
8 11
8 13
8 14
8 15
8 16
8 17
8 18
8 19
8 20
8 21
8 22
8 23
8 24
8 27
8 28
8 30
8 31
8 32
8 33
8 34
8 35
8 37
8 39
8 40
8 41
8 42
8 43
8 44
8 46
9 10
9 11
9 12
9 14
9 17
9 18
9 19
9 20
9 21
9 22
9 23
9 26
9 27
9 28
9 29
9 30
9 31
9 32
9 35
9 36
9 39
9 41
9 42
9 44
9 46
10 11
10 13
10 14
10 15
10 16
10 17
10 18
10 20
10 21
10 22
10 24
10 25
10 26
10 27
10 28
10 29
10 30
10 31
10 32
10 33
10 34
10 35
10 36
10 37
10 38
10 40
10 41
10 42
10 43
10 44
10 45
10 46
11 12
11 13
11 14
11 15
11 16
11 17
11 18
11 19
11 20
11 22
11 23
11 24
11 25
11 26
11 27
11 30
11 32
11 33
11 34
11 36
11 37
11 38
11 39
11 40
11 41
11 42
11 43
11 44
11 45
11 46
12 13
12 14
12 15
12 16
12 17
12 18
12 19
12 20
12 22
12 24
12 25
12 26
12 27
12 29
12 30
12 32
12 34
12 35
12 36
12 37
12 38
12 39
12 40
12 41
12 43
12 44
12 45
12 46
13 14
13 15
13 16
13 17
13 18
13 19
13 20
13 22
13 23
13 24
13 25
13 26
13 27
13 28
13 29
13 30
13 32
13 34
13 35
13 36
13 37
13 38
13 39
13 40
13 41
13 42
13 43
13 44
14 15
14 16
14 17
14 18
14 19
14 20
14 22
14 23
14 24
14 25
14 26
14 27
14 28
14 29
14 30
14 31
14 32
14 33
14 34
14 35
14 37
14 38
14 39
14 41
14 42
14 43
14 44
14 45
14 46
15 16
15 17
15 18
15 19
15 20
15 21
15 22
15 23
15 24
15 26
15 27
15 29
15 30
15 31
15 32
15 33
15 35
15 36
15 38
15 39
15 40
15 41
15 42
15 43
15 45
15 46
16 17
16 18
16 19
16 20
16 21
16 22
16 23
16 24
16 27
16 28
16 29
16 30
16 32
16 34
16 36
16 37
16 38
16 39
16 40
16 41
16 42
16 45
16 46
17 19
17 20
17 22
17 23
17 24
17 25
17 26
17 27
17 28
17 29
17 30
17 31
17 32
17 33
17 34
17 36
17 37
17 38
17 39
17 40
17 41
17 42
17 43
17 44
17 46
18 19
18 21
18 22
18 23
18 24
18 26
18 27
18 28
18 29
18 30
18 31
18 33
18 34
18 35
18 36
18 37
18 38
18 40
18 41
18 42
18 43
18 44
18 45
19 20
19 21
19 22
19 24
19 25
19 26
19 27
19 28
19 31
19 32
19 33
19 34
19 36
19 37
19 38
19 40
19 41
19 42
19 43
19 45
19 46
20 22
20 23
20 24
20 25
20 27
20 28
20 29
20 31
20 32
20 33
20 35
20 36
20 37
20 38
20 40
20 41
20 42
20 43
20 44
20 45
20 46
21 23
21 24
21 25
21 26
21 27
21 28
21 29
21 30
21 31
21 32
21 34
21 35
21 36
21 39
21 40
21 41
21 44
21 45
21 46
22 23
22 25
22 26
22 28
22 29
22 30
22 31
22 32
22 33
22 36
22 38
22 39
22 40
22 42
22 43
22 44
22 45
22 46
23 24
23 25
23 26
23 27
23 28
23 29
23 31
23 32
23 33
23 35
23 36
23 37
23 38
23 39
23 40
23 41
23 43
23 44
23 45
24 25
24 26
24 27
24 28
24 29
24 30
24 32
24 33
24 34
24 35
24 37
24 38
24 41
24 42
24 43
25 26
25 27
25 30
25 31
25 32
25 33
25 34
25 35
25 37
25 38
25 39
25 41
25 42
25 43
25 44
25 45
25 46
26 27
26 28
26 29
26 30
26 31
26 32
26 33
26 34
26 35
26 36
26 38
26 39
26 41
26 42
26 43
26 45
26 46
27 28
27 29
27 30
27 31
27 32
27 36
27 39
27 40
27 41
27 42
27 43
27 45
28 29
28 30
28 31
28 33
28 34
28 35
28 36
28 37
28 38
28 39
28 40
28 42
28 45
28 46
29 30
29 31
29 32
29 33
29 34
29 35
29 36
29 37
29 38
29 39
29 40
29 41
29 42
29 43
29 44
29 46
30 31
30 32
30 34
30 36
30 37
30 38
30 39
30 40
30 41
30 42
30 44
30 45
30 46
31 32
31 33
31 34
31 35
31 36
31 37
31 38
31 39
31 40
31 41
31 42
31 43
31 45
31 46
32 33
32 34
32 35
32 36
32 38
32 39
32 41
32 42
32 43
32 44
32 46
33 34
33 35
33 36
33 37
33 38
33 40
33 42
33 43
33 44
33 45
33 46
34 35
34 36
34 37
34 38
34 39
34 40
34 41
34 42
34 43
34 44
34 45
34 46
35 36
35 37
35 40
35 41
35 44
35 45
35 46
36 39
36 40
36 41
36 43
36 44
36 46
37 38
37 39
37 41
37 43
37 46
38 39
38 40
38 41
38 43
38 44
38 45
38 46
39 41
39 42
39 43
39 44
39 45
39 46
40 41
40 43
40 44
40 45
40 46
41 42
41 43
41 44
41 45
41 46
42 43
42 44
42 45
42 46
43 46
44 45
44 46
45 46
20 47
1 2
1 4
1 8
1 11
1 12
2 3
2 5
2 7
2 9
2 10
2 15
2 17
3 8
3 12
3 14
3 20
4 14
5 8
5 12
5 19
5 20
6 7
6 8
6 10
6 15
6 20
7 8
7 13
8 11
8 12
8 18
9 12
9 19
9 20
10 11
10 19
10 20
11 15
11 19
11 20
12 13
13 16
15 17
15 20
16 17
17 19
17 20
21 29
1 2
1 3
2 5
2 6
2 10
2 12
2 13
3 4
3 7
3 16
4 17
4 19
4 21
5 11
6 8
6 9
6 13
9 16
9 21
11 13
11 14
11 15
11 17
12 16
13 18
14 15
15 20
16 21
19 20
30 287
1 2
1 3
1 4
1 5
1 7
1 9
1 10
1 12
1 13
1 14
1 15
1 16
1 17
1 18
1 19
1 20
1 22
1 23
1 28
1 30
2 3
2 4
2 6
2 7
2 10
2 11
2 12
2 13
2 14
2 15
2 17
2 19
2 20
2 24
2 26
2 27
2 28
2 29
2 30
3 7
3 8
3 9
3 10
3 11
3 12
3 13
3 15
3 16
3 18
3 19
3 21
3 23
3 27
3 28
3 29
4 7
4 9
4 10
4 12
4 13
4 14
4 15
4 16
4 17
4 18
4 20
4 21
4 22
4 23
4 24
4 25
4 26
4 27
4 28
4 29
4 30
5 6
5 7
5 8
5 9
5 10
5 13
5 14
5 15
5 17
5 20
5 21
5 25
5 27
5 29
5 30
6 9
6 12
6 13
6 14
6 15
6 17
6 18
6 20
6 21
6 22
6 23
6 25
6 26
6 27
6 30
7 8
7 13
7 15
7 16
7 17
7 19
7 22
7 24
7 25
7 26
7 27
7 29
7 30
8 10
8 11
8 12
8 13
8 14
8 16
8 17
8 18
8 19
8 20
8 21
8 22
8 23
8 24
8 25
8 27
8 28
8 30
9 10
9 11
9 12
9 14
9 15
9 16
9 17
9 18
9 20
9 21
9 25
9 26
9 27
9 28
9 29
10 11
10 13
10 14
10 15
10 18
10 21
10 22
10 25
10 27
10 30
11 13
11 16
11 17
11 21
11 22
11 23
11 24
11 25
11 26
11 27
11 29
11 30
12 14
12 15
12 17
12 18
12 21
12 23
12 24
12 26
12 27
12 28
12 29
12 30
13 14
13 15
13 20
13 23
13 25
13 26
13 27
13 28
13 30
14 15
14 16
14 17
14 18
14 19
14 20
14 23
14 24
14 25
14 27
14 28
14 29
14 30
15 16
15 21
15 23
15 24
15 26
15 27
15 29
15 30
16 17
16 20
16 21
16 22
16 24
16 26
16 27
16 29
16 30
17 18
17 19
17 20
17 21
17 22
17 24
17 26
17 27
17 29
17 30
18 19
18 21
18 22
18 23
18 24
18 25
18 26
18 28
18 30
19 20
19 21
19 24
19 25
19 26
19 27
19 28
19 29
20 21
20 23
20 24
20 26
20 27
20 29
20 30
21 22
21 23
21 24
21 25
21 26
21 27
21 29
22 23
22 25
22 26
22 29
22 30
23 24
23 25
23 26
23 27
23 30
24 27
24 28
24 30
25 27
25 30
26 27
26 28
26 29
26 30
27 30
28 30
38 149
1 2
1 6
1 7
1 12
1 18
1 23
1 25
1 26
1 27
1 29
1 31
2 3
2 4
2 5
2 7
2 16
2 19
2 20
2 21
2 23
2 30
2 31
2 38
3 10
3 11
3 14
3 17
3 30
4 8
4 14
4 18
4 23
4 31
4 33
4 37
5 6
5 10
5 13
5 14
5 15
5 23
5 34
6 9
6 11
6 15
6 19
6 20
6 23
6 26
6 31
6 38
7 11
7 15
7 24
7 30
7 34
7 36
8 9
8 11
8 12
8 13
8 17
8 18
8 19
8 21
8 29
8 32
8 38
9 13
9 18
9 19
9 21
9 29
9 35
10 15
10 20
10 24
10 30
11 13
11 16
11 19
11 27
11 33
12 13
12 20
12 23
12 25
13 16
13 19
13 20
13 22
13 23
13 29
13 33
13 36
13 37
14 17
14 33
15 21
15 22
15 24
15 27
15 31
15 32
15 33
16 17
16 28
16 31
16 32
17 18
17 20
17 31
17 37
17 38
18 21
18 30
19 22
19 25
19 28
19 34
19 35
20 22
20 27
20 28
20 29
20 35
21 24
21 25
21 29
21 33
21 35
21 36
22 31
23 28
24 34
24 35
24 37
25 30
25 33
25 38
26 36
27 29
27 30
29 34
30 31
30 37
31 36
32 34
34 38
50 69
1 2
1 35
2 5
3 4
3 17
3 34
4 19
4 21
4 36
5 20
5 28
5 39
5 48
6 8
6 10
6 44
7 36
8 19
9 12
10 35
10 37
11 27
12 25
13 17
13 25
13 43
14 34
15 27
15 34
15 46
15 49
16 19
17 29
17 32
17 40
18 44
18 46
18 50
20 31
21 36
21 38
21 48
22 34
25 31
27 45
28 39
28 46
31 32
31 39
32 33
33 34
33 37
33 39
33 42
34 35
34 39
34 41
34 44
37 44
37 45
37 48
38 44
40 41
40 43
42 46
43 45
44 46
44 47
44 50
42 324
1 2
1 3
1 4
1 6
1 11
1 13
1 16
1 18
1 22
1 24
1 30
1 33
1 40
1 41
1 42
2 4
2 10
2 15
2 16
2 17
2 18
2 19
2 27
2 31
2 34
2 37
2 38
2 39
3 5
3 7
3 8
3 12
3 13
3 14
3 15
3 16
3 17
3 19
3 21
3 23
3 26
3 31
3 32
3 35
3 39
3 41
4 5
4 6
4 8
4 10
4 14
4 16
4 17
4 19
4 22
4 27
4 34
4 37
4 39
4 42
5 11
5 12
5 16
5 18
5 19
5 20
5 22
5 23
5 24
5 26
5 30
5 31
5 32
5 33
5 34
5 41
6 8
6 9
6 10
6 11
6 16
6 21
6 25
6 26
6 27
6 28
6 30
6 31
6 35
7 8
7 11
7 12
7 13
7 15
7 16
7 25
7 27
7 29
7 31
7 32
7 35
7 42
8 12
8 17
8 19
8 29
8 31
8 36
9 10
9 13
9 16
9 17
9 23
9 32
9 34
9 35
9 36
9 41
10 11
10 14
10 18
10 19
10 20
10 21
10 22
10 24
10 27
10 29
10 31
10 32
10 33
10 37
10 38
10 39
10 40
10 42
11 12
11 13
11 14
11 22
11 25
11 26
11 29
11 34
11 35
11 41
12 14
12 16
12 18
12 26
12 27
12 29
12 30
12 33
12 35
12 37
13 14
13 15
13 20
13 23
13 24
13 27
13 28
13 32
13 34
13 35
13 37
13 41
13 42
14 15
14 16
14 17
14 18
14 24
14 25
14 27
14 28
14 35
14 42
15 18
15 20
15 21
15 23
15 25
15 26
15 27
15 29
15 30
15 31
15 39
15 40
16 17
16 18
16 28
16 29
16 36
17 24
17 28
17 30
17 32
17 36
17 41
17 42
18 19
18 20
18 22
18 27
18 28
18 29
18 34
18 42
19 21
19 25
19 29
19 30
19 31
19 34
19 37
19 40
19 41
19 42
20 21
20 24
20 28
20 31
20 34
20 35
20 36
20 37
20 39
20 41
21 22
21 23
21 24
21 26
21 28
21 30
21 34
21 38
21 41
22 27
22 29
22 31
22 32
22 34
22 36
22 37
22 39
22 40
22 42
23 24
23 27
23 28
23 31
23 32
23 33
23 35
23 38
23 40
24 26
24 28
24 35
24 40
25 26
25 30
25 35
25 37
25 38
25 40
25 41
25 42
26 32
26 33
26 36
26 41
27 28
27 32
27 35
27 37
27 40
27 42
28 29
28 33
28 35
28 37
28 38
29 31
29 33
29 34
29 39
29 41
29 42
30 31
30 33
30 40
30 41
31 34
31 37
32 35
32 36
32 37
32 38
32 40
32 41
32 42
33 34
33 38
33 39
33 41
33 42
34 36
34 37
34 40
34 42
36 38
36 42
37 38
37 40
37 41
37 42
38 39
38 42
39 40
39 42
41 526
1 2
1 5
1 6
1 7
1 8
1 9
1 11
1 12
1 13
1 16
1 17
1 18
1 19
1 21
1 22
1 23
1 24
1 26
1 28
1 30
1 31
1 32
1 34
1 36
1 37
1 38
2 3
2 4
2 6
2 9
2 11
2 12
2 13
2 14
2 15
2 16
2 17
2 19
2 20
2 21
2 22
2 24
2 25
2 26
2 28
2 30
2 31
2 34
2 35
2 38
2 39
2 40
2 41
3 5
3 8
3 10
3 11
3 13
3 14
3 15
3 16
3 17
3 18
3 19
3 20
3 22
3 23
3 24
3 26
3 27
3 29
3 32
3 35
3 36
3 37
3 39
4 5
4 7
4 9
4 12
4 13
4 15
4 16
4 17
4 19
4 20
4 22
4 23
4 24
4 25
4 29
4 30
4 31
4 32
4 33
4 35
4 36
4 37
4 38
4 39
4 40
5 7
5 8
5 9
5 12
5 13
5 14
5 15
5 18
5 19
5 20
5 21
5 22
5 23
5 25
5 26
5 28
5 29
5 31
5 32
5 34
5 36
5 39
5 40
5 41
6 7
6 8
6 9
6 10
6 11
6 12
6 13
6 15
6 16
6 17
6 19
6 20
6 21
6 23
6 24
6 25
6 26
6 27
6 28
6 29
6 30
6 31
6 36
6 37
6 40
7 8
7 9
7 10
7 12
7 13
7 14
7 15
7 16
7 17
7 18
7 19
7 21
7 22
7 24
7 26
7 30
7 31
7 32
7 33
7 34
7 35
7 36
7 37
7 39
7 41
8 9
8 10
8 12
8 14
8 17
8 19
8 20
8 21
8 24
8 25
8 26
8 29
8 30
8 32
8 33
8 35
8 36
9 10
9 11
9 12
9 15
9 16
9 17
9 18
9 21
9 22
9 23
9 24
9 26
9 27
9 29
9 30
9 32
9 33
9 34
9 38
9 39
9 40
9 41
10 11
10 13
10 15
10 16
10 17
10 20
10 22
10 24
10 26
10 27
10 28
10 29
10 30
10 31
10 32
10 36
10 37
10 38
10 40
10 41
11 14
11 15
11 18
11 19
11 20
11 21
11 22
11 23
11 24
11 26
11 29
11 31
11 36
11 37
11 38
11 40
11 41
12 13
12 14
12 15
12 16
12 17
12 21
12 23
12 24
12 25
12 27
12 28
12 29
12 33
12 34
12 37
12 38
12 40
12 41
13 14
13 16
13 17
13 18
13 19
13 20
13 21
13 22
13 24
13 25
13 27
13 28
13 30
13 32
13 37
13 38
14 16
14 17
14 18
14 19
14 23
14 24
14 27
14 28
14 30
14 32
14 34
14 36
14 37
14 38
14 39
14 40
14 41
15 18
15 19
15 20
15 21
15 22
15 23
15 26
15 27
15 29
15 31
15 32
15 33
15 34
15 35
15 38
15 39
15 40
16 17
16 21
16 22
16 23
16 24
16 28
16 29
16 30
16 31
16 32
16 33
16 35
16 37
16 38
16 40
17 18
17 19
17 20
17 23
17 24
17 27
17 28
17 29
17 36
17 37
17 38
17 39
17 40
18 19
18 20
18 21
18 23
18 26
18 28
18 32
18 33
18 34
18 36
18 38
18 39
18 40
18 41
19 20
19 21
19 22
19 24
19 26
19 27
19 28
19 29
19 32
19 34
19 38
20 21
20 22
20 23
20 26
20 27
20 28
20 29
20 31
20 32
20 33
20 34
20 35
20 36
20 37
20 38
20 39
20 40
20 41
21 25
21 26
21 32
21 33
21 40
22 23
22 24
22 25
22 26
22 27
22 28
22 29
22 32
22 33
22 34
22 35
22 36
22 37
22 38
22 41
23 25
23 26
23 27
23 28
23 31
23 32
23 33
23 34
23 36
23 38
23 40
23 41
24 26
24 28
24 29
24 30
24 31
24 32
24 33
24 35
24 36
24 37
24 38
24 40
25 26
25 28
25 29
25 31
25 33
25 37
25 38
25 40
25 41
26 28
26 29
26 30
26 33
26 35
26 36
26 40
26 41
27 28
27 29
27 30
27 31
27 33
27 34
27 35
27 36
27 37
27 38
27 39
27 41
28 29
28 32
28 33
28 34
28 35
28 37
28 38
28 39
28 40
28 41
29 30
29 34
29 35
29 36
29 37
29 39
29 41
30 32
30 33
30 34
30 35
30 36
30 37
30 41
31 32
31 33
31 34
31 35
31 37
31 38
31 40
32 33
32 34
32 35
32 36
32 37
32 38
32 40
32 41
33 34
33 35
33 37
33 38
33 41
34 35
34 37
34 40
34 41
35 36
35 37
35 40
35 41
36 37
36 39
36 40
36 41
37 38
37 39
38 39
38 40
38 41
39 41
40 41
35 48
1 2
1 10
1 18
1 21
1 33
2 16
2 31
2 32
3 7
4 10
4 14
4 27
4 29
4 34
5 32
5 34
6 11
6 12
6 22
8 9
9 21
9 32
10 21
10 23
11 19
13 26
13 31
14 18
14 20
14 23
14 25
14 35
15 24
16 25
17 20
17 22
17 26
19 24
19 29
20 25
21 34
22 34
26 29
26 30
27 28
29 34
29 35
33 34
44 570
1 4
1 6
1 7
1 8
1 12
1 13
1 14
1 15
1 16
1 17
1 18
1 20
1 21
1 23
1 25
1 27
1 29
1 30
1 32
1 34
1 35
1 37
1 38
1 39
1 44
2 3
2 4
2 5
2 9
2 10
2 11
2 13
2 19
2 20
2 21
2 24
2 26
2 28
2 29
2 30
2 31
2 32
2 35
2 36
2 37
2 38
2 40
2 41
2 44
3 5
3 6
3 9
3 10
3 11
3 12
3 13
3 16
3 17
3 19
3 22
3 23
3 26
3 27
3 28
3 29
3 30
3 31
3 34
3 37
3 41
3 42
3 43
4 5
4 7
4 8
4 9
4 12
4 17
4 19
4 21
4 24
4 25
4 30
4 31
4 32
4 33
4 35
4 36
4 37
4 38
4 39
4 40
4 41
4 42
5 8
5 9
5 10
5 14
5 15
5 16
5 18
5 19
5 20
5 21
5 23
5 24
5 26
5 29
5 30
5 32
5 33
5 36
5 37
5 40
5 42
6 8
6 10
6 12
6 13
6 15
6 16
6 18
6 19
6 20
6 22
6 23
6 25
6 26
6 28
6 33
6 35
6 39
6 40
6 41
6 44
7 8
7 9
7 11
7 15
7 16
7 17
7 19
7 20
7 21
7 22
7 23
7 24
7 27
7 29
7 30
7 32
7 35
7 37
7 40
7 41
7 44
8 10
8 11
8 14
8 15
8 16
8 18
8 19
8 20
8 24
8 26
8 28
8 33
8 34
8 35
8 39
8 41
8 43
8 44
9 10
9 11
9 12
9 13
9 14
9 15
9 16
9 17
9 18
9 19
9 20
9 27
9 29
9 30
9 32
9 33
9 34
9 38
9 39
9 40
9 42
9 43
10 12
10 13
10 15
10 17
10 19
10 21
10 22
10 23
10 24
10 25
10 26
10 28
10 29
10 30
10 31
10 32
10 34
10 35
10 37
10 38
10 39
10 40
10 41
10 43
11 12
11 14
11 19
11 20
11 21
11 22
11 24
11 26
11 27
11 28
11 29
11 30
11 31
11 32
11 33
11 34
11 36
11 38
11 39
11 40
11 41
11 42
11 44
12 18
12 20
12 22
12 24
12 25
12 26
12 28
12 30
12 31
12 33
12 34
12 35
12 36
12 37
12 39
12 41
12 43
13 16
13 17
13 18
13 20
13 21
13 22
13 24
13 25
13 27
13 28
13 29
13 30
13 31
13 33
13 37
13 38
13 40
13 41
13 42
13 43
13 44
14 15
14 16
14 17
14 19
14 22
14 23
14 24
14 27
14 30
14 31
14 32
14 34
14 35
14 36
14 37
14 38
14 40
14 42
15 17
15 19
15 20
15 21
15 22
15 25
15 26
15 28
15 29
15 31
15 33
15 35
15 37
15 39
15 40
15 41
15 42
15 44
16 18
16 19
16 22
16 23
16 24
16 27
16 28
16 29
16 30
16 31
16 32
16 34
16 35
16 36
16 38
16 39
16 42
16 44
17 18
17 20
17 23
17 25
17 26
17 27
17 31
17 32
17 33
17 34
17 36
17 37
17 39
17 40
17 41
17 42
17 44
18 19
18 20
18 21
18 22
18 23
18 26
18 27
18 28
18 29
18 33
18 34
18 35
18 38
18 39
18 40
19 21
19 22
19 23
19 24
19 25
19 26
19 27
19 28
19 29
19 30
19 31
19 33
19 34
19 35
19 36
19 37
19 39
19 41
19 42
19 43
19 44
20 21
20 23
20 27
20 29
20 36
20 37
20 38
20 39
20 41
20 43
21 22
21 23
21 28
21 30
21 36
21 38
21 39
21 40
21 41
21 42
22 24
22 25
22 28
22 29
22 30
22 31
22 33
22 36
22 37
22 38
22 39
22 40
22 41
22 43
22 44
23 25
23 26
23 27
23 28
23 29
23 30
23 31
23 33
23 36
23 37
23 40
23 41
23 43
23 44
24 25
24 26
24 27
24 29
24 32
24 33
24 34
24 35
24 36
24 37
24 38
24 40
24 42
25 27
25 28
25 29
25 35
25 36
25 37
25 38
25 39
25 40
25 41
25 42
25 43
25 44
26 27
26 28
26 29
26 30
26 31
26 32
26 35
26 36
26 37
26 39
26 42
26 43
26 44
27 28
27 30
27 31
27 32
27 34
27 35
27 36
27 37
27 38
27 39
27 40
27 41
27 44
28 30
28 31
28 32
28 33
28 34
28 37
28 38
28 39
28 41
28 42
28 43
28 44
29 30
29 31
29 33
29 34
29 35
29 39
29 41
29 42
29 44
30 31
30 32
30 34
30 35
30 38
30 40
31 36
31 37
31 38
31 40
31 41
31 44
32 33
32 34
32 35
32 36
32 38
32 39
32 40
32 41
33 34
33 37
33 42
33 43
33 44
34 35
34 39
34 41
34 42
34 43
34 44
35 36
35 38
35 40
35 41
35 42
35 44
36 37
36 38
36 39
36 40
36 42
36 43
37 38
37 40
37 41
37 44
38 40
38 42
39 40
39 41
39 42
39 43
40 42
40 43
41 43
41 44
42 43
42 44
43 44
7 7
1 2
1 4
2 3
2 6
2 7
4 5
6 7
17 58
1 2
1 3
1 5
1 6
1 12
1 13
2 3
2 4
2 6
2 7
2 8
2 9
2 10
3 4
3 5
3 8
3 9
3 15
3 16
4 5
4 9
4 11
5 6
5 8
5 13
5 14
5 15
6 7
6 8
6 9
6 12
6 13
6 15
6 17
7 9
7 10
7 12
7 13
8 9
8 10
8 11
8 13
8 16
8 17
9 10
9 12
9 14
10 11
10 14
10 15
10 16
11 14
11 16
12 17
14 15
14 17
15 16
15 17
47 373
1 2
1 3
1 6
1 8
1 9
1 11
1 14
1 16
1 18
1 27
1 29
1 32
1 47
2 3
2 4
2 5
2 8
2 10
2 11
2 12
2 13
2 15
2 17
2 19
2 20
2 23
2 24
2 25
2 27
2 29
2 32
2 33
2 34
2 38
2 41
2 42
3 5
3 7
3 8
3 9
3 12
3 13
3 14
3 15
3 17
3 19
3 20
3 21
3 23
3 30
3 39
4 8
4 9
4 10
4 12
4 13
4 18
4 22
4 30
4 31
4 35
4 43
4 44
5 11
5 15
5 16
5 18
5 25
5 28
5 29
5 34
5 36
5 37
5 42
5 46
6 8
6 10
6 11
6 13
6 14
6 15
6 19
6 20
6 23
6 24
6 26
6 28
6 29
6 31
6 33
6 37
6 38
6 39
6 40
6 41
6 43
6 45
6 46
7 10
7 11
7 19
7 24
7 26
7 30
7 31
7 32
7 34
7 35
7 36
7 40
7 41
7 43
7 44
7 45
7 46
8 12
8 14
8 18
8 19
8 23
8 26
8 30
8 37
8 43
8 45
9 10
9 12
9 21
9 22
9 28
9 29
9 30
9 33
9 35
9 36
9 41
9 43
9 46
10 14
10 16
10 17
10 18
10 22
10 31
10 32
10 33
10 34
10 36
10 39
10 40
10 41
11 13
11 15
11 20
11 23
11 30
11 34
11 37
11 43
12 13
12 14
12 15
12 19
12 20
12 29
12 31
12 34
12 36
12 39
12 46
13 15
13 16
13 17
13 20
13 24
13 30
13 38
13 39
14 15
14 16
14 20
14 26
14 27
14 28
14 30
14 33
14 37
14 39
14 42
14 47
15 16
15 18
15 19
15 20
15 21
15 22
15 23
15 27
15 28
15 29
15 30
15 32
15 45
15 47
16 19
16 20
16 27
16 31
16 32
16 36
16 38
16 39
16 40
16 41
16 44
16 45
16 46
17 19
17 22
17 23
17 26
17 27
17 29
17 34
17 35
17 40
17 41
17 43
17 44
17 45
17 46
17 47
18 19
18 24
18 25
18 26
18 28
18 30
18 32
18 36
18 41
18 42
18 47
19 22
19 25
19 26
19 31
19 34
19 36
19 41
20 23
20 24
20 25
20 26
20 30
20 37
20 39
20 41
20 45
20 47
21 25
21 27
21 29
21 30
21 37
21 39
21 40
21 47
22 24
22 25
22 26
22 31
22 38
22 39
22 40
22 41
22 44
22 46
22 47
23 24
23 30
23 31
23 34
23 38
23 42
23 43
23 45
23 46
24 29
24 33
24 34
24 38
24 39
24 40
24 45
25 32
25 36
25 38
25 41
25 42
26 29
26 33
26 35
26 38
26 41
26 46
27 28
27 29
27 32
27 33
27 37
27 40
27 42
27 43
27 45
27 47
28 32
28 35
28 44
28 45
28 46
28 47
29 30
29 33
29 34
29 35
29 36
29 39
29 42
30 32
30 33
30 38
30 39
30 40
30 41
30 42
31 34
31 38
31 39
31 41
31 45
31 46
32 33
32 36
32 40
32 42
33 35
33 37
33 42
34 37
34 42
35 46
36 42
36 43
37 38
37 39
37 40
37 43
37 44
38 41
38 43
38 46
38 47
39 45
40 43
40 45
40 47
41 44
41 45
42 46
42 47
43 47
44 47
35 532
1 4
1 5
1 6
1 7
1 8
1 9
1 10
1 12
1 13
1 14
1 15
1 16
1 17
1 18
1 19
1 20
1 21
1 22
1 23
1 24
1 25
1 26
1 27
1 28
1 29
1 31
1 32
1 33
1 34
1 35
2 3
2 4
2 5
2 7
2 8
2 9
2 10
2 11
2 12
2 13
2 14
2 15
2 16
2 17
2 18
2 19
2 20
2 21
2 22
2 23
2 24
2 25
2 26
2 27
2 28
2 29
2 30
2 32
2 33
2 34
2 35
3 4
3 6
3 7
3 8
3 9
3 10
3 11
3 12
3 13
3 14
3 15
3 16
3 17
3 18
3 19
3 20
3 21
3 22
3 24
3 25
3 26
3 27
3 28
3 29
3 31
3 32
3 33
3 34
3 35
4 5
4 6
4 7
4 9
4 10
4 11
4 12
4 13
4 15
4 16
4 18
4 19
4 20
4 21
4 22
4 23
4 24
4 26
4 28
4 30
4 31
4 32
4 33
4 34
4 35
5 6
5 7
5 8
5 9
5 10
5 11
5 12
5 14
5 15
5 16
5 17
5 18
5 19
5 20
5 21
5 22
5 23
5 24
5 25
5 26
5 27
5 28
5 29
5 30
5 31
5 32
5 33
5 34
5 35
6 7
6 8
6 10
6 11
6 12
6 13
6 14
6 16
6 18
6 19
6 20
6 21
6 22
6 23
6 24
6 25
6 26
6 27
6 28
6 29
6 30
6 31
6 32
6 33
6 34
6 35
7 8
7 9
7 10
7 11
7 13
7 14
7 15
7 16
7 17
7 18
7 19
7 20
7 21
7 22
7 23
7 24
7 25
7 26
7 27
7 29
7 31
7 32
7 33
7 34
7 35
8 9
8 10
8 11
8 12
8 13
8 14
8 16
8 17
8 19
8 20
8 23
8 24
8 25
8 26
8 27
8 29
8 30
8 31
8 32
8 33
8 34
8 35
9 10
9 11
9 12
9 13
9 14
9 15
9 17
9 18
9 19
9 20
9 21
9 22
9 23
9 25
9 26
9 27
9 28
9 29
9 30
9 31
9 32
9 33
9 34
9 35
10 12
10 14
10 15
10 16
10 17
10 18
10 19
10 21
10 22
10 23
10 24
10 25
10 26
10 27
10 28
10 29
10 30
10 31
10 32
10 33
10 34
10 35
11 12
11 13
11 14
11 15
11 16
11 17
11 18
11 20
11 21
11 22
11 23
11 24
11 25
11 26
11 27
11 28
11 29
11 30
11 31
11 32
11 33
11 34
12 13
12 14
12 15
12 16
12 17
12 18
12 20
12 21
12 22
12 23
12 24
12 25
12 26
12 27
12 28
12 29
12 30
12 31
12 32
12 33
12 34
13 14
13 15
13 16
13 17
13 18
13 19
13 20
13 21
13 22
13 23
13 24
13 25
13 26
13 28
13 29
13 30
13 31
13 33
13 34
14 15
14 18
14 19
14 20
14 22
14 23
14 24
14 25
14 26
14 27
14 28
14 29
14 30
14 31
14 32
14 33
14 34
14 35
15 16
15 17
15 18
15 19
15 20
15 21
15 22
15 23
15 24
15 25
15 26
15 27
15 29
15 30
15 31
15 32
15 33
15 34
15 35
16 17
16 18
16 19
16 20
16 24
16 25
16 26
16 27
16 28
16 29
16 30
16 31
16 32
16 33
16 34
16 35
17 18
17 19
17 20
17 21
17 22
17 23
17 24
17 25
17 26
17 28
17 29
17 30
17 31
17 32
17 33
17 34
17 35
18 19
18 20
18 21
18 22
18 24
18 26
18 27
18 28
18 29
18 30
18 31
18 32
18 33
18 34
18 35
19 20
19 21
19 23
19 24
19 25
19 26
19 28
19 29
19 30
19 31
19 32
19 33
19 35
20 21
20 22
20 23
20 24
20 25
20 26
20 27
20 28
20 29
20 31
20 32
20 33
20 34
21 22
21 23
21 24
21 25
21 26
21 27
21 28
21 29
21 30
21 31
21 32
21 33
21 34
21 35
22 23
22 24
22 25
22 26
22 27
22 28
22 29
22 30
22 31
22 32
22 33
22 34
22 35
23 24
23 26
23 27
23 28
23 29
23 30
23 31
23 32
23 33
23 34
23 35
24 26
24 27
24 28
24 30
24 31
24 32
24 33
24 34
25 26
25 28
25 29
25 31
25 32
25 33
25 34
25 35
26 27
26 28
26 29
26 30
26 31
26 32
26 33
26 34
26 35
27 28
27 29
27 30
27 31
27 32
27 33
27 34
27 35
28 29
28 31
28 32
28 33
28 34
28 35
29 30
29 32
29 33
29 34
29 35
30 31
30 32
30 33
30 35
31 32
31 33
31 34
31 35
32 33
32 34
32 35
33 34
33 35
34 35
38 125
1 2
1 3
1 4
1 6
1 8
1 10
1 12
1 15
1 24
1 31
2 4
2 5
2 10
2 32
2 38
3 17
3 19
3 20
3 22
3 26
3 32
3 33
3 35
4 6
4 15
4 24
4 37
6 7
6 8
6 13
6 18
6 29
6 30
6 32
6 36
7 9
7 11
7 17
7 22
7 32
7 34
8 9
8 28
8 30
8 33
8 34
8 35
9 14
9 16
9 21
9 28
9 34
10 11
10 14
10 17
10 21
10 26
10 28
10 30
10 32
10 38
11 13
11 14
11 15
11 26
11 31
11 33
11 37
11 38
12 14
12 18
12 28
12 32
13 14
13 17
13 22
13 26
13 29
13 34
13 35
14 22
14 38
15 16
15 31
15 38
16 22
16 27
17 20
17 38
18 22
18 25
18 26
18 27
18 34
19 22
19 27
20 25
20 28
20 34
20 37
21 26
21 27
21 31
21 37
22 23
22 24
22 25
22 31
22 36
24 29
24 30
25 30
25 36
26 33
27 29
27 30
27 37
30 34
31 32
31 35
32 37
33 36
33 37
35 36
35 38
6 11
1 2
1 4
1 5
1 6
2 3
2 4
2 5
2 6
3 4
3 5
5 6
2 1
1 2
15 24
1 2
1 3
1 8
1 9
1 10
1 11
2 5
2 12
2 13
3 4
3 6
3 11
4 6
5 7
5 10
6 7
6 10
6 14
7 9
8 11
9 13
10 15
12 15
13 14
2 0
7 11
1 2
1 4
1 5
1 6
2 4
2 5
2 6
3 5
4 5
4 6
6 7
6 5
1 3
2 3
3 4
4 5
4 6
2 1
1 2
10 25
1 2
1 4
1 5
1 9
2 4
2 5
2 6
2 7
2 8
2 9
2 10
3 6
3 8
3 10
4 5
4 6
4 9
4 10
5 7
5 9
5 10
6 7
6 8
7 8
9 10
3 2
1 2
2 3
3 3
1 2
1 3
2 3
2 1
1 2
3 3
1 2
1 3
2 3
4 3
1 2
1 3
2 3
3 2
1 2
1 3
4 2
1 2
2 3
50 1225
1 2
1 3
1 4
1 5
1 6
1 7
1 8
1 9
1 10
1 11
1 12
1 13
1 14
1 15
1 16
1 17
1 18
1 19
1 20
1 21
1 22
1 23
1 24
1 25
1 26
1 27
1 28
1 29
1 30
1 31
1 32
1 33
1 34
1 35
1 36
1 37
1 38
1 39
1 40
1 41
1 42
1 43
1 44
1 45
1 46
1 47
1 48
1 49
1 50
2 3
2 4
2 5
2 6
2 7
2 8
2 9
2 10
2 11
2 12
2 13
2 14
2 15
2 16
2 17
2 18
2 19
2 20
2 21
2 22
2 23
2 24
2 25
2 26
2 27
2 28
2 29
2 30
2 31
2 32
2 33
2 34
2 35
2 36
2 37
2 38
2 39
2 40
2 41
2 42
2 43
2 44
2 45
2 46
2 47
2 48
2 49
2 50
3 4
3 5
3 6
3 7
3 8
3 9
3 10
3 11
3 12
3 13
3 14
3 15
3 16
3 17
3 18
3 19
3 20
3 21
3 22
3 23
3 24
3 25
3 26
3 27
3 28
3 29
3 30
3 31
3 32
3 33
3 34
3 35
3 36
3 37
3 38
3 39
3 40
3 41
3 42
3 43
3 44
3 45
3 46
3 47
3 48
3 49
3 50
4 5
4 6
4 7
4 8
4 9
4 10
4 11
4 12
4 13
4 14
4 15
4 16
4 17
4 18
4 19
4 20
4 21
4 22
4 23
4 24
4 25
4 26
4 27
4 28
4 29
4 30
4 31
4 32
4 33
4 34
4 35
4 36
4 37
4 38
4 39
4 40
4 41
4 42
4 43
4 44
4 45
4 46
4 47
4 48
4 49
4 50
5 6
5 7
5 8
5 9
5 10
5 11
5 12
5 13
5 14
5 15
5 16
5 17
5 18
5 19
5 20
5 21
5 22
5 23
5 24
5 25
5 26
5 27
5 28
5 29
5 30
5 31
5 32
5 33
5 34
5 35
5 36
5 37
5 38
5 39
5 40
5 41
5 42
5 43
5 44
5 45
5 46
5 47
5 48
5 49
5 50
6 7
6 8
6 9
6 10
6 11
6 12
6 13
6 14
6 15
6 16
6 17
6 18
6 19
6 20
6 21
6 22
6 23
6 24
6 25
6 26
6 27
6 28
6 29
6 30
6 31
6 32
6 33
6 34
6 35
6 36
6 37
6 38
6 39
6 40
6 41
6 42
6 43
6 44
6 45
6 46
6 47
6 48
6 49
6 50
7 8
7 9
7 10
7 11
7 12
7 13
7 14
7 15
7 16
7 17
7 18
7 19
7 20
7 21
7 22
7 23
7 24
7 25
7 26
7 27
7 28
7 29
7 30
7 31
7 32
7 33
7 34
7 35
7 36
7 37
7 38
7 39
7 40
7 41
7 42
7 43
7 44
7 45
7 46
7 47
7 48
7 49
7 50
8 9
8 10
8 11
8 12
8 13
8 14
8 15
8 16
8 17
8 18
8 19
8 20
8 21
8 22
8 23
8 24
8 25
8 26
8 27
8 28
8 29
8 30
8 31
8 32
8 33
8 34
8 35
8 36
8 37
8 38
8 39
8 40
8 41
8 42
8 43
8 44
8 45
8 46
8 47
8 48
8 49
8 50
9 10
9 11
9 12
9 13
9 14
9 15
9 16
9 17
9 18
9 19
9 20
9 21
9 22
9 23
9 24
9 25
9 26
9 27
9 28
9 29
9 30
9 31
9 32
9 33
9 34
9 35
9 36
9 37
9 38
9 39
9 40
9 41
9 42
9 43
9 44
9 45
9 46
9 47
9 48
9 49
9 50
10 11
10 12
10 13
10 14
10 15
10 16
10 17
10 18
10 19
10 20
10 21
10 22
10 23
10 24
10 25
10 26
10 27
10 28
10 29
10 30
10 31
10 32
10 33
10 34
10 35
10 36
10 37
10 38
10 39
10 40
10 41
10 42
10 43
10 44
10 45
10 46
10 47
10 48
10 49
10 50
11 12
11 13
11 14
11 15
11 16
11 17
11 18
11 19
11 20
11 21
11 22
11 23
11 24
11 25
11 26
11 27
11 28
11 29
11 30
11 31
11 32
11 33
11 34
11 35
11 36
11 37
11 38
11 39
11 40
11 41
11 42
11 43
11 44
11 45
11 46
11 47
11 48
11 49
11 50
12 13
12 14
12 15
12 16
12 17
12 18
12 19
12 20
12 21
12 22
12 23
12 24
12 25
12 26
12 27
12 28
12 29
12 30
12 31
12 32
12 33
12 34
12 35
12 36
12 37
12 38
12 39
12 40
12 41
12 42
12 43
12 44
12 45
12 46
12 47
12 48
12 49
12 50
13 14
13 15
13 16
13 17
13 18
13 19
13 20
13 21
13 22
13 23
13 24
13 25
13 26
13 27
13 28
13 29
13 30
13 31
13 32
13 33
13 34
13 35
13 36
13 37
13 38
13 39
13 40
13 41
13 42
13 43
13 44
13 45
13 46
13 47
13 48
13 49
13 50
14 15
14 16
14 17
14 18
14 19
14 20
14 21
14 22
14 23
14 24
14 25
14 26
14 27
14 28
14 29
14 30
14 31
14 32
14 33
14 34
14 35
14 36
14 37
14 38
14 39
14 40
14 41
14 42
14 43
14 44
14 45
14 46
14 47
14 48
14 49
14 50
15 16
15 17
15 18
15 19
15 20
15 21
15 22
15 23
15 24
15 25
15 26
15 27
15 28
15 29
15 30
15 31
15 32
15 33
15 34
15 35
15 36
15 37
15 38
15 39
15 40
15 41
15 42
15 43
15 44
15 45
15 46
15 47
15 48
15 49
15 50
16 17
16 18
16 19
16 20
16 21
16 22
16 23
16 24
16 25
16 26
16 27
16 28
16 29
16 30
16 31
16 32
16 33
16 34
16 35
16 36
16 37
16 38
16 39
16 40
16 41
16 42
16 43
16 44
16 45
16 46
16 47
16 48
16 49
16 50
17 18
17 19
17 20
17 21
17 22
17 23
17 24
17 25
17 26
17 27
17 28
17 29
17 30
17 31
17 32
17 33
17 34
17 35
17 36
17 37
17 38
17 39
17 40
17 41
17 42
17 43
17 44
17 45
17 46
17 47
17 48
17 49
17 50
18 19
18 20
18 21
18 22
18 23
18 24
18 25
18 26
18 27
18 28
18 29
18 30
18 31
18 32
18 33
18 34
18 35
18 36
18 37
18 38
18 39
18 40
18 41
18 42
18 43
18 44
18 45
18 46
18 47
18 48
18 49
18 50
19 20
19 21
19 22
19 23
19 24
19 25
19 26
19 27
19 28
19 29
19 30
19 31
19 32
19 33
19 34
19 35
19 36
19 37
19 38
19 39
19 40
19 41
19 42
19 43
19 44
19 45
19 46
19 47
19 48
19 49
19 50
20 21
20 22
20 23
20 24
20 25
20 26
20 27
20 28
20 29
20 30
20 31
20 32
20 33
20 34
20 35
20 36
20 37
20 38
20 39
20 40
20 41
20 42
20 43
20 44
20 45
20 46
20 47
20 48
20 49
20 50
21 22
21 23
21 24
21 25
21 26
21 27
21 28
21 29
21 30
21 31
21 32
21 33
21 34
21 35
21 36
21 37
21 38
21 39
21 40
21 41
21 42
21 43
21 44
21 45
21 46
21 47
21 48
21 49
21 50
22 23
22 24
22 25
22 26
22 27
22 28
22 29
22 30
22 31
22 32
22 33
22 34
22 35
22 36
22 37
22 38
22 39
22 40
22 41
22 42
22 43
22 44
22 45
22 46
22 47
22 48
22 49
22 50
23 24
23 25
23 26
23 27
23 28
23 29
23 30
23 31
23 32
23 33
23 34
23 35
23 36
23 37
23 38
23 39
23 40
23 41
23 42
23 43
23 44
23 45
23 46
23 47
23 48
23 49
23 50
24 25
24 26
24 27
24 28
24 29
24 30
24 31
24 32
24 33
24 34
24 35
24 36
24 37
24 38
24 39
24 40
24 41
24 42
24 43
24 44
24 45
24 46
24 47
24 48
24 49
24 50
25 26
25 27
25 28
25 29
25 30
25 31
25 32
25 33
25 34
25 35
25 36
25 37
25 38
25 39
25 40
25 41
25 42
25 43
25 44
25 45
25 46
25 47
25 48
25 49
25 50
26 27
26 28
26 29
26 30
26 31
26 32
26 33
26 34
26 35
26 36
26 37
26 38
26 39
26 40
26 41
26 42
26 43
26 44
26 45
26 46
26 47
26 48
26 49
26 50
27 28
27 29
27 30
27 31
27 32
27 33
27 34
27 35
27 36
27 37
27 38
27 39
27 40
27 41
27 42
27 43
27 44
27 45
27 46
27 47
27 48
27 49
27 50
28 29
28 30
28 31
28 32
28 33
28 34
28 35
28 36
28 37
28 38
28 39
28 40
28 41
28 42
28 43
28 44
28 45
28 46
28 47
28 48
28 49
28 50
29 30
29 31
29 32
29 33
29 34
29 35
29 36
29 37
29 38
29 39
29 40
29 41
29 42
29 43
29 44
29 45
29 46
29 47
29 48
29 49
29 50
30 31
30 32
30 33
30 34
30 35
30 36
30 37
30 38
30 39
30 40
30 41
30 42
30 43
30 44
30 45
30 46
30 47
30 48
30 49
30 50
31 32
31 33
31 34
31 35
31 36
31 37
31 38
31 39
31 40
31 41
31 42
31 43
31 44
31 45
31 46
31 47
31 48
31 49
31 50
32 33
32 34
32 35
32 36
32 37
32 38
32 39
32 40
32 41
32 42
32 43
32 44
32 45
32 46
32 47
32 48
32 49
32 50
33 34
33 35
33 36
33 37
33 38
33 39
33 40
33 41
33 42
33 43
33 44
33 45
33 46
33 47
33 48
33 49
33 50
34 35
34 36
34 37
34 38
34 39
34 40
34 41
34 42
34 43
34 44
34 45
34 46
34 47
34 48
34 49
34 50
35 36
35 37
35 38
35 39
35 40
35 41
35 42
35 43
35 44
35 45
35 46
35 47
35 48
35 49
35 50
36 37
36 38
36 39
36 40
36 41
36 42
36 43
36 44
36 45
36 46
36 47
36 48
36 49
36 50
37 38
37 39
37 40
37 41
37 42
37 43
37 44
37 45
37 46
37 47
37 48
37 49
37 50
38 39
38 40
38 41
38 42
38 43
38 44
38 45
38 46
38 47
38 48
38 49
38 50
39 40
39 41
39 42
39 43
39 44
39 45
39 46
39 47
39 48
39 49
39 50
40 41
40 42
40 43
40 44
40 45
40 46
40 47
40 48
40 49
40 50
41 42
41 43
41 44
41 45
41 46
41 47
41 48
41 49
41 50
42 43
42 44
42 45
42 46
42 47
42 48
42 49
42 50
43 44
43 45
43 46
43 47
43 48
43 49
43 50
44 45
44 46
44 47
44 48
44 49
44 50
45 46
45 47
45 48
45 49
45 50
46 47
46 48
46 49
46 50
47 48
47 49
47 50
48 49
48 50
49 50
2 0
4 4
1 2
1 4
2 3
3 4
2 0
4 3
1 4
2 3
3 4
2 1
1 2
4 4
1 2
1 4
2 3
3 4
2 1
1 2
3 2
1 2
2 3
11 12
1 6
1 7
1 10
2 4
2 9
3 4
3 8
4 5
5 6
7 8
9 10
10 11
5 5
1 2
1 5
2 3
3 4
4 5
2 1
1 2
8 8
1 2
2 3
2 4
2 8
4 5
5 6
6 7
7 8
5 4
1 5
2 3
3 4
4 5
50 1225
1 2
1 3
1 4
1 5
1 6
1 7
1 8
1 9
1 10
1 11
1 12
1 13
1 14
1 15
1 16
1 17
1 18
1 19
1 20
1 21
1 22
1 23
1 24
1 25
1 26
1 27
1 28
1 29
1 30
1 31
1 32
1 33
1 34
1 35
1 36
1 37
1 38
1 39
1 40
1 41
1 42
1 43
1 44
1 45
1 46
1 47
1 48
1 49
1 50
2 3
2 4
2 5
2 6
2 7
2 8
2 9
2 10
2 11
2 12
2 13
2 14
2 15
2 16
2 17
2 18
2 19
2 20
2 21
2 22
2 23
2 24
2 25
2 26
2 27
2 28
2 29
2 30
2 31
2 32
2 33
2 34
2 35
2 36
2 37
2 38
2 39
2 40
2 41
2 42
2 43
2 44
2 45
2 46
2 47
2 48
2 49
2 50
3 4
3 5
3 6
3 7
3 8
3 9
3 10
3 11
3 12
3 13
3 14
3 15
3 16
3 17
3 18
3 19
3 20
3 21
3 22
3 23
3 24
3 25
3 26
3 27
3 28
3 29
3 30
3 31
3 32
3 33
3 34
3 35
3 36
3 37
3 38
3 39
3 40
3 41
3 42
3 43
3 44
3 45
3 46
3 47
3 48
3 49
3 50
4 5
4 6
4 7
4 8
4 9
4 10
4 11
4 12
4 13
4 14
4 15
4 16
4 17
4 18
4 19
4 20
4 21
4 22
4 23
4 24
4 25
4 26
4 27
4 28
4 29
4 30
4 31
4 32
4 33
4 34
4 35
4 36
4 37
4 38
4 39
4 40
4 41
4 42
4 43
4 44
4 45
4 46
4 47
4 48
4 49
4 50
5 6
5 7
5 8
5 9
5 10
5 11
5 12
5 13
5 14
5 15
5 16
5 17
5 18
5 19
5 20
5 21
5 22
5 23
5 24
5 25
5 26
5 27
5 28
5 29
5 30
5 31
5 32
5 33
5 34
5 35
5 36
5 37
5 38
5 39
5 40
5 41
5 42
5 43
5 44
5 45
5 46
5 47
5 48
5 49
5 50
6 7
6 8
6 9
6 10
6 11
6 12
6 13
6 14
6 15
6 16
6 17
6 18
6 19
6 20
6 21
6 22
6 23
6 24
6 25
6 26
6 27
6 28
6 29
6 30
6 31
6 32
6 33
6 34
6 35
6 36
6 37
6 38
6 39
6 40
6 41
6 42
6 43
6 44
6 45
6 46
6 47
6 48
6 49
6 50
7 8
7 9
7 10
7 11
7 12
7 13
7 14
7 15
7 16
7 17
7 18
7 19
7 20
7 21
7 22
7 23
7 24
7 25
7 26
7 27
7 28
7 29
7 30
7 31
7 32
7 33
7 34
7 35
7 36
7 37
7 38
7 39
7 40
7 41
7 42
7 43
7 44
7 45
7 46
7 47
7 48
7 49
7 50
8 9
8 10
8 11
8 12
8 13
8 14
8 15
8 16
8 17
8 18
8 19
8 20
8 21
8 22
8 23
8 24
8 25
8 26
8 27
8 28
8 29
8 30
8 31
8 32
8 33
8 34
8 35
8 36
8 37
8 38
8 39
8 40
8 41
8 42
8 43
8 44
8 45
8 46
8 47
8 48
8 49
8 50
9 10
9 11
9 12
9 13
9 14
9 15
9 16
9 17
9 18
9 19
9 20
9 21
9 22
9 23
9 24
9 25
9 26
9 27
9 28
9 29
9 30
9 31
9 32
9 33
9 34
9 35
9 36
9 37
9 38
9 39
9 40
9 41
9 42
9 43
9 44
9 45
9 46
9 47
9 48
9 49
9 50
10 11
10 12
10 13
10 14
10 15
10 16
10 17
10 18
10 19
10 20
10 21
10 22
10 23
10 24
10 25
10 26
10 27
10 28
10 29
10 30
10 31
10 32
10 33
10 34
10 35
10 36
10 37
10 38
10 39
10 40
10 41
10 42
10 43
10 44
10 45
10 46
10 47
10 48
10 49
10 50
11 12
11 13
11 14
11 15
11 16
11 17
11 18
11 19
11 20
11 21
11 22
11 23
11 24
11 25
11 26
11 27
11 28
11 29
11 30
11 31
11 32
11 33
11 34
11 35
11 36
11 37
11 38
11 39
11 40
11 41
11 42
11 43
11 44
11 45
11 46
11 47
11 48
11 49
11 50
12 13
12 14
12 15
12 16
12 17
12 18
12 19
12 20
12 21
12 22
12 23
12 24
12 25
12 26
12 27
12 28
12 29
12 30
12 31
12 32
12 33
12 34
12 35
12 36
12 37
12 38
12 39
12 40
12 41
12 42
12 43
12 44
12 45
12 46
12 47
12 48
12 49
12 50
13 14
13 15
13 16
13 17
13 18
13 19
13 20
13 21
13 22
13 23
13 24
13 25
13 26
13 27
13 28
13 29
13 30
13 31
13 32
13 33
13 34
13 35
13 36
13 37
13 38
13 39
13 40
13 41
13 42
13 43
13 44
13 45
13 46
13 47
13 48
13 49
13 50
14 15
14 16
14 17
14 18
14 19
14 20
14 21
14 22
14 23
14 24
14 25
14 26
14 27
14 28
14 29
14 30
14 31
14 32
14 33
14 34
14 35
14 36
14 37
14 38
14 39
14 40
14 41
14 42
14 43
14 44
14 45
14 46
14 47
14 48
14 49
14 50
15 16
15 17
15 18
15 19
15 20
15 21
15 22
15 23
15 24
15 25
15 26
15 27
15 28
15 29
15 30
15 31
15 32
15 33
15 34
15 35
15 36
15 37
15 38
15 39
15 40
15 41
15 42
15 43
15 44
15 45
15 46
15 47
15 48
15 49
15 50
16 17
16 18
16 19
16 20
16 21
16 22
16 23
16 24
16 25
16 26
16 27
16 28
16 29
16 30
16 31
16 32
16 33
16 34
16 35
16 36
16 37
16 38
16 39
16 40
16 41
16 42
16 43
16 44
16 45
16 46
16 47
16 48
16 49
16 50
17 18
17 19
17 20
17 21
17 22
17 23
17 24
17 25
17 26
17 27
17 28
17 29
17 30
17 31
17 32
17 33
17 34
17 35
17 36
17 37
17 38
17 39
17 40
17 41
17 42
17 43
17 44
17 45
17 46
17 47
17 48
17 49
17 50
18 19
18 20
18 21
18 22
18 23
18 24
18 25
18 26
18 27
18 28
18 29
18 30
18 31
18 32
18 33
18 34
18 35
18 36
18 37
18 38
18 39
18 40
18 41
18 42
18 43
18 44
18 45
18 46
18 47
18 48
18 49
18 50
19 20
19 21
19 22
19 23
19 24
19 25
19 26
19 27
19 28
19 29
19 30
19 31
19 32
19 33
19 34
19 35
19 36
19 37
19 38
19 39
19 40
19 41
19 42
19 43
19 44
19 45
19 46
19 47
19 48
19 49
19 50
20 21
20 22
20 23
20 24
20 25
20 26
20 27
20 28
20 29
20 30
20 31
20 32
20 33
20 34
20 35
20 36
20 37
20 38
20 39
20 40
20 41
20 42
20 43
20 44
20 45
20 46
20 47
20 48
20 49
20 50
21 22
21 23
21 24
21 25
21 26
21 27
21 28
21 29
21 30
21 31
21 32
21 33
21 34
21 35
21 36
21 37
21 38
21 39
21 40
21 41
21 42
21 43
21 44
21 45
21 46
21 47
21 48
21 49
21 50
22 23
22 24
22 25
22 26
22 27
22 28
22 29
22 30
22 31
22 32
22 33
22 34
22 35
22 36
22 37
22 38
22 39
22 40
22 41
22 42
22 43
22 44
22 45
22 46
22 47
22 48
22 49
22 50
23 24
23 25
23 26
23 27
23 28
23 29
23 30
23 31
23 32
23 33
23 34
23 35
23 36
23 37
23 38
23 39
23 40
23 41
23 42
23 43
23 44
23 45
23 46
23 47
23 48
23 49
23 50
24 25
24 26
24 27
24 28
24 29
24 30
24 31
24 32
24 33
24 34
24 35
24 36
24 37
24 38
24 39
24 40
24 41
24 42
24 43
24 44
24 45
24 46
24 47
24 48
24 49
24 50
25 26
25 27
25 28
25 29
25 30
25 31
25 32
25 33
25 34
25 35
25 36
25 37
25 38
25 39
25 40
25 41
25 42
25 43
25 44
25 45
25 46
25 47
25 48
25 49
25 50
26 27
26 28
26 29
26 30
26 31
26 32
26 33
26 34
26 35
26 36
26 37
26 38
26 39
26 40
26 41
26 42
26 43
26 44
26 45
26 46
26 47
26 48
26 49
26 50
27 28
27 29
27 30
27 31
27 32
27 33
27 34
27 35
27 36
27 37
27 38
27 39
27 40
27 41
27 42
27 43
27 44
27 45
27 46
27 47
27 48
27 49
27 50
28 29
28 30
28 31
28 32
28 33
28 34
28 35
28 36
28 37
28 38
28 39
28 40
28 41
28 42
28 43
28 44
28 45
28 46
28 47
28 48
28 49
28 50
29 30
29 31
29 32
29 33
29 34
29 35
29 36
29 37
29 38
29 39
29 40
29 41
29 42
29 43
29 44
29 45
29 46
29 47
29 48
29 49
29 50
30 31
30 32
30 33
30 34
30 35
30 36
30 37
30 38
30 39
30 40
30 41
30 42
30 43
30 44
30 45
30 46
30 47
30 48
30 49
30 50
31 32
31 33
31 34
31 35
31 36
31 37
31 38
31 39
31 40
31 41
31 42
31 43
31 44
31 45
31 46
31 47
31 48
31 49
31 50
32 33
32 34
32 35
32 36
32 37
32 38
32 39
32 40
32 41
32 42
32 43
32 44
32 45
32 46
32 47
32 48
32 49
32 50
33 34
33 35
33 36
33 37
33 38
33 39
33 40
33 41
33 42
33 43
33 44
33 45
33 46
33 47
33 48
33 49
33 50
34 35
34 36
34 37
34 38
34 39
34 40
34 41
34 42
34 43
34 44
34 45
34 46
34 47
34 48
34 49
34 50
35 36
35 37
35 38
35 39
35 40
35 41
35 42
35 43
35 44
35 45
35 46
35 47
35 48
35 49
35 50
36 37
36 38
36 39
36 40
36 41
36 42
36 43
36 44
36 45
36 46
36 47
36 48
36 49
36 50
37 38
37 39
37 40
37 41
37 42
37 43
37 44
37 45
37 46
37 47
37 48
37 49
37 50
38 39
38 40
38 41
38 42
38 43
38 44
38 45
38 46
38 47
38 48
38 49
38 50
39 40
39 41
39 42
39 43
39 44
39 45
39 46
39 47
39 48
39 49
39 50
40 41
40 42
40 43
40 44
40 45
40 46
40 47
40 48
40 49
40 50
41 42
41 43
41 44
41 45
41 46
41 47
41 48
41 49
41 50
42 43
42 44
42 45
42 46
42 47
42 48
42 49
42 50
43 44
43 45
43 46
43 47
43 48
43 49
43 50
44 45
44 46
44 47
44 48
44 49
44 50
45 46
45 47
45 48
45 49
45 50
46 47
46 48
46 49
46 50
47 48
47 49
47 50
48 49
48 50
49 50
5 10
1 2
1 3
1 4
1 5
2 3
2 4
2 5
3 4
3 5
4 5
3 2
1 2
1 3
10 13
1 2
1 5
1 8
2 3
3 4
3 6
3 9
5 6
5 7
6 7
8 9
8 10
9 10
4 5
1 2
1 3
1 4
2 4
3 4
7 7
1 2
1 4
2 3
3 6
4 5
4 7
5 6
8 8
1 2
1 8
2 3
3 4
4 5
5 6
6 7
7 8
2 1
1 2
3 2
1 2
1 3
4 3
1 2
1 3
1 4
5 4
1 2
1 3
2 4
3 5
3 3
1 2
1 3
2 3
