UVa:
----

160
294 
406 
543
583 
686
884
914
10042 
10061 
10090
10235 
10236
10299 
10329
10392 
10394 
10533 
10539 
10680
10699 
10738 
10780 
10789 
10852 
10924
10948
11064 
11191
11347
11408
11415 
11440
11466

LightOJ:
--------

1007
1014 
1028 
1035 
1045 
1054 
1067 
1077
1090 
1098 
1102
1109 
1117
1138
1163
1213 
1214 
1245 
1259
1278
1282 
1289
1298
1306
1318
1319
1336 
1340 
1341
1375

TJU:
----

1233
1375
1476
1528
1637
1698
1730
1748
1991
2218
2308
2502
2520
2526
2601
2648
2658
2859
2901
2916
3043
3076
3150
3232
3237
3238
3259
3261
3262
3288
3293
3467
3483
3496
3599
3618
