64

0 0 5
4 0 5 0

0 0 5
4 0 7 3

0 0 5
4 0 4 5

0 0 5
4 1 4 -1

0 0 5
5 0 0 5

0 0 5
0 5 -5 0

0 0 5
-5 0 0 -5

0 0 5
0 -5 5 0

0 0 5
0 0 5 5

0 0 5
1 1 -1 -1

0 0 5
10 0 0 10

0 0 5
0 10 -10 0

0 0 5
-10 0 0 -10

0 0 5
0 -10 10 0

0 0 5
10 10 -10 10

0 0 5
-10 10 -10 -10

0 0 5
-10 -10 10 -10

0 0 5
10 -10 10 10

0 0 5
5 0 10 0

0 0 5
7 0 10 0

0 0 5
5 5 10 10

0 0 5
0 5 0 10

0 0 5
0 7 0 10

0 0 5
-5 5 -10 10

0 0 5
-5 0 -10 0

0 0 5
-7 0 -10 0

0 0 5
-5 -5 -10 -10

0 0 5
0 -5 0 -10

0 0 5
0 -7 0 -10

0 0 5
5 -5 10 -10

0 0 5
5 0 5 -5

0 0 5
0 5 5 5

0 0 5
-5 0 -5 5

0 0 5
0 -5 -5 -5

0 0 5
5 -5 5 5

0 0 5
5 5 -5 5

0 0 5
-5 5 -5 -5

0 0 5
-5 -5 5 -5

0 0 5
5 0 -5 0

0 0 5
0 -5 0 5

0 0 5
4 0 0 10

0 0 5
0 4 -10 0

0 0 5
-4 0 0 -10

0 0 5
0 -4 10 0

0 0 5
3 -10 3 10

0 0 5
10 3 -10 3

0 0 5
-3 10 -3 -10

0 0 5
-10 -3 10 -3

0 0 5
-5 -10 10 5

0 0 5
10 -5 -5 10

0 0 5
5 10 -10 -5

0 0 5
-10 5 5 -10

0 0 5
3 -3 2 -1

0 0 5
2 -1 1 1

0 0 5
1 1 0 3

0 0 5
3 3 1 2

0 0 5
1 2 -1 1

0 0 5
-1 1 -3 0

0 0 5
-3 3 -2 1

0 0 5
-2 1 -1 -1

0 0 5
-1 -1 0 -3

0 0 5
-3 -3 -1 -2

0 0 5
-1 -2 1 -1

0 0 5
1 -1 3 0
