500

0 1409 384
0 898 0 0

0 0 764
0 0 469 217

894 1730 230
0 1548 1099 1808

0 0 891
1511 1663 0 0

0 0 976
0 1654 785 0

713 0 501
446 1952 84 0

0 1130 50
631 0 162 1270

320 0 293
556 27 1813 1765

0 1292 313
221 1363 1515 906

0 205 874
0 0 1302 0

477 0 158
4 1327 0 1381

0 0 432
1545 77 0 1021

242 0 232
27 0 212 603

0 0 956
0 0 1020 0

900 710 180
0 0 0 903

328 0 154
0 1056 1859 0

0 840 131
1107 0 0 760

0 792 286
0 978 136 797

0 0 9
1479 1957 0 0

0 0 777
1588 1889 0 0

1596 0 400
1423 0 1540 0

0 0 155
0 0 652 0

0 206 12
1838 772 0 0

1501 1395 260
1228 195 1256 1374

737 0 710
1976 959 1019 173

685 1319 653
832 1197 1279 1586

1407 0 188
1430 0 636 0

0 0 884
0 371 0 125

0 1243 228
0 1269 0 1226

0 0 281
0 1930 1005 0

1649 0 192
1775 0 248 88

0 0 725
0 0 139 328

0 0 411
0 1850 1763 0

673 0 266
0 0 631 0

390 36 694
0 0 354 0

0 446 803
0 945 0 1472

1658 0 136
0 568 1562 0

1684 0 72
0 305 1097 0

0 1557 429
1519 113 288 1650

640 0 250
0 688 597 0

1641 0 330
1876 0 1946 0

0 0 720
0 0 1381 0

665 0 879
0 1603 0 968

0 998 515
0 0 1464 0

94 0 445
1241 0 0 13

423 360 551
0 0 481 0

94 580 418
194 1056 0 648

0 0 764
1079 0 0 0

0 148 36
0 154 1028 0

0 0 785
0 0 1712 1521

1293 1027 270
0 0 0 930

0 0 30
0 0 0 11

459 0 919
1500 1978 0 0

652 0 739
535 1960 1622 0

0 0 128
1317 288 358 0

0 0 227
0 0 0 23

0 206 261
0 86 573 0

0 108 498
0 537 0 1742

0 152 459
0 1624 0 127

461 0 846
1340 0 137 0

1172 495 588
1225 0 1214 0

876 0 336
1472 0 0 1196

0 0 790
0 24 0 0

0 1495 71
0 1503 0 1483

1128 0 96
1118 16 1741 1872

0 676 941
0 750 1659 0

0 0 54
0 972 0 0

0 0 945
1518 0 410 647

341 428 527
1343 0 794 801

0 1829 68
194 0 0 1804

0 918 295
227 1879 0 1123

980 598 972
0 1056 396 0

0 0 381
1250 0 0 0

161 0 908
1861 0 0 1720

0 1048 128
741 295 0 1114

496 0 433
1990 532 282 0

0 0 682
0 0 1912 0

272 677 647
409 1262 0 0

0 0 747
0 1794 0 0

0 886 944
0 0 1540 0

0 0 737
0 800 646 0

148 1219 132
0 0 61 1306

530 117 778
0 0 724 0

981 0 828
1187 133 0 580

0 813 562
0 302 0 0

0 0 492
1333 1714 321 0

1149 409 99
1127 375 1069 411

0 0 117
0 0 1075 0

0 0 718
304 111 0 1620

0 0 235
280 1013 1058 0

488 1496 427
185 1215 84 1455

0 0 880
0 595 1980 792

0 0 960
0 1491 1817 338

1222 1388 350
0 0 1097 1548

1270 0 70
1883 0 1269 0

0 1234 566
1336 0 0 1595

1143 0 686
1896 0 0 1919

363 919 298
829 0 342 1160

1922 0 11
937 1479 1930 0

1343 0 366
720 1257 1216 0

0 116 583
0 0 12 808

1051 0 934
1494 0 1921 279

1650 0 148
0 0 725 0

0 765 931
154 1797 1977 0

0 307 96
0 0 0 1302

716 0 876
632 1148 0 1773

243 605 906
0 1497 0 0

0 0 336
0 904 1147 1832

0 0 47
635 1967 1097 912

0 0 160
556 558 0 0

0 0 725
629 612 152 0

931 21 120
1053 1418 936 0

0 0 899
1664 0 0 1942

0 0 960
826 0 242 0

254 643 692
1120 1967 893 0

638 786 888
0 1952 0 0

635 868 662
538 914 215 1301

0 0 789
471 980 0 0

301 415 817
1856 0 0 1575

0 0 889
0 0 1867 0

0 961 774
0 1627 0 1302

0 0 437
0 40 459 1850

469 0 998
130 0 505 1392

0 807 914
877 0 0 1058

0 985 152
706 0 109 973

400 0 764
0 0 0 539

1787 864 136
0 0 1191 1573

0 0 85
344 0 0 0

467 0 851
0 1569 385 0

675 0 169
0 0 214 0

305 0 832
344 557 0 950

0 926 604
1231 1423 0 1014

436 0 386
0 0 562 63

444 870 534
627 592 1442 896

1853 0 74
0 1946 1848 0

0 0 424
0 436 1645 1315

1261 1050 37
1243 1076 509 0

845 1043 42
866 1014 879 1032

119 1100 445
1825 0 0 1262

0 0 799
0 1411 0 0

0 0 812
1298 0 1007 1488

273 1421 202
379 1289 311 615

470 0 585
0 0 0 720

0 0 774
0 0 226 0

0 0 110
0 0 0 24

0 0 90
0 0 626 0

0 0 137
0 0 0 54

866 1323 107
874 1231 911 1332

0 0 196
0 1183 266 0

0 538 350
1430 0 0 825

0 178 93
0 193 0 1002

180 29 590
1841 0 0 0

692 0 539
0 0 0 700

1111 0 21
1098 0 1126 0

0 0 412
0 306 0 0

0 0 706
710 0 1714 0

0 0 115
294 0 1928 0

361 1532 46
0 1171 0 481

0 0 558
0 0 588 0

0 1000 681
1489 0 32 1368

968 897 269
0 0 1811 0

108 327 649
174 0 1568 0

647 0 31
711 0 627 0

0 960 952
0 130 0 619

406 1085 903
0 419 1163 834

436 0 846
0 946 1698 1232

0 1097 825
0 764 370 1594

1491 0 327
1935 0 0 46

1710 1258 115
1252 0 1795 1320

0 120 304
0 1202 1600 0

629 0 936
1172 1035 1198 1132

201 0 593
438 126 1622 83

0 785 344
1362 1299 640 0

292 0 222
414 133 186 0

0 0 148
0 1170 1863 0

0 205 253
0 0 0 349

924 0 464
0 1237 576 0

581 1503 406
0 1061 440 1770

0 6 384
973 1000 0 0

0 0 780
1243 0 0 955

0 1224 646
1007 1793 0 0

431 417 751
0 1551 0 0

0 893 973
0 1794 1596 1490

275 0 952
1504 1879 0 1019

966 0 818
0 863 1288 50

0 650 220
0 773 0 576

0 975 172
0 1096 1773 0

0 0 200
0 0 197 0

0 0 608
0 304 1167 0

0 219 623
0 1339 0 155

1585 0 110
1538 0 399 0

0 0 525
446 0 0 0

747 1318 549
0 1504 409 1293

0 0 36
0 0 0 1132

0 0 63
0 0 37 0

1520 1132 281
1190 0 1417 1382

0 0 703
0 0 20 1314

0 0 610
312 0 0 0

0 343 810
1151 1625 0 1770

0 0 288
0 0 91 0

0 0 803
765 1853 0 1751

0 0 349
106 1195 0 1623

628 0 310
536 0 1567 1204

348 99 170
338 0 1969 0

0 0 453
0 943 869 0

0 0 901
0 0 1730 793

1325 1465 393
155 0 1667 0

0 0 116
0 0 775 0

675 297 742
1890 1201 1317 0

0 0 497
771 0 0 0

0 0 751
780 1523 278 1130

0 1401 466
18 0 1051 0

0 0 807
0 0 1156 1068

715 0 750
1761 0 0 0

0 1201 556
547 1620 0 1651

0 0 240
0 156 0 102

0 535 978
1540 0 1902 0

0 0 992
0 580 0 1391

0 0 553
0 0 1562 0

0 0 733
462 0 0 475

230 0 604
0 1465 0 576

0 0 197
1705 0 408 0

0 0 714
165 0 56 0

1164 786 833
0 178 909 1357

0 0 352
276 0 0 0

827 552 322
650 403 0 0

0 0 830
875 0 0 0

0 1155 742
0 0 1068 0

234 0 576
0 0 1670 0

0 0 398
520 383 0 0

815 0 982
0 0 607 99

154 0 288
1352 1006 0 0

0 0 644
90 0 1341 0

0 0 313
0 0 98 0

1080 0 391
989 0 272 101

0 0 860
1671 1407 0 426

0 757 994
22 1705 1322 0

0 804 433
0 802 397 0

0 67 214
501 929 1176 1725

0 1024 443
0 1285 0 627

0 396 531
0 0 337 0

0 0 760
0 460 381 0

307 0 395
0 0 0 697

0 0 202
75 0 120 330

318 0 955
0 997 127 0

489 1027 638
1393 1011 0 771

0 765 7
0 337 828 0

0 0 860
0 295 0 0

689 1838 53
705 1870 0 604

0 795 144
0 772 0 759

0 0 680
349 0 1310 1686

0 978 507
847 1455 0 673

0 0 562
922 123 834 0

1184 29 617
0 359 0 0

0 0 175
0 1512 1853 1236

0 0 788
0 1906 0 1666

652 2 492
1172 1643 691 0

0 0 806
450 914 0 0

542 0 266
705 0 0 202

0 0 566
0 624 817 0

0 0 336
0 1314 352 839

0 0 489
1110 548 1024 550

0 0 66
321 585 0 283

0 171 646
1274 0 381 1989

0 137 883
1388 600 0 0

369 0 838
1080 0 0 616

0 0 188
1567 0 765 0

0 0 896
201 1651 0 0

0 0 583
0 691 0 0

560 0 428
219 0 0 290

1119 219 789
0 1611 372 1458

1632 1368 3
1300 486 1634 1367

0 0 607
175 12 55 0

138 0 415
0 352 0 0

153 0 345
800 869 0 0

538 0 654
0 0 1627 0

464 0 798
0 366 355 533

0 0 682
0 513 862 0

0 0 65
0 0 0 49

0 0 146
0 711 0 0

0 0 892
786 437 873 0

0 0 441
0 0 97 0

738 184 88
0 0 815 178

934 0 544
762 1318 438 0

668 1049 818
0 778 0 0

1409 0 110
873 0 1324 0

0 0 463
1237 698 1186 1788

1221 0 584
807 0 1591 0

389 740 952
243 0 885 845

0 0 416
0 0 0 1588

0 0 123
0 0 56 0

0 0 12
72 1964 0 1675

0 532 906
1962 0 655 58

1202 93 196
155 0 892 1851

543 668 425
0 0 0 1155

0 0 371
0 0 1440 0

0 0 479
0 0 0 400

337 1645 268
1493 0 449 1483

552 538 161
0 1283 541 536

0 0 90
0 0 0 7

0 0 143
0 0 1940 251

1221 289 328
1854 0 0 1166

333 0 374
1059 599 1628 0

0 0 662
737 472 0 346

962 0 586
1441 0 0 756

652 0 706
257 1585 632 0

0 342 807
218 0 0 0

1 63 41
0 0 0 81

0 0 680
0 0 0 1803

579 848 941
1552 1116 0 0

0 0 616
0 995 0 1685

0 733 365
0 684 0 620

0 571 741
0 0 0 885

927 0 663
973 0 0 0

0 554 790
331 188 1643 1945

0 494 375
28 717 705 0

1178 691 222
741 957 1317 568

447 0 744
0 1383 1684 1439

0 0 682
0 0 0 751

388 0 807
0 0 1814 0

0 0 26
880 265 0 0

791 0 530
446 0 372 0

272 455 999
0 0 621 1886

166 0 21
1832 0 182 0

278 280 680
1570 904 858 0

0 1388 568
1309 1510 0 926

0 783 437
0 1669 1318 824

0 282 420
1406 1242 0 0

697 0 116
0 0 623 0

0 0 100
0 1376 1383 858

0 0 947
592 0 115 1710

0 540 586
1391 0 0 1064

661 0 904
0 1607 1562 1288

0 270 151
0 0 473 1563

0 0 168
0 1190 1633 0

222 0 822
0 0 0 44

446 1085 254
1740 674 0 1980

533 385 480
396 0 404 0

0 0 732
976 771 0 0

0 0 549
1487 1408 1597 1414

0 0 215
0 0 0 752

0 316 585
1498 0 0 84

645 354 350
950 436 877 554

0 0 184
115 0 618 0

0 616 513
1270 525 0 837

0 0 148
0 0 0 1119

311 0 538
0 1836 0 1829

0 0 578
0 14 0 208

1458 1612 152
1486 1616 830 0

0 0 429
1049 0 89 643

956 0 536
1102 489 318 795

0 0 1000
416 0 1360 1388

0 0 257
0 0 0 384

800 0 111
767 0 879 0

0 0 460
557 0 653 0

0 0 522
1754 805 0 1419

0 0 741
0 0 1519 0

0 697 89
0 728 1989 0

259 987 888
0 274 1070 1754

0 834 782
323 531 476 1250

0 0 882
0 0 455 0

753 243 290
871 20 917 13

0 0 423
0 1965 1065 0

1216 882 51
1252 865 1174 876

159 0 441
0 1407 0 0

350 1811 51
389 1830 367 1799

0 0 24
0 0 0 18

668 731 961
0 1344 79 1162

188 200 479
0 0 0 1305

0 0 713
0 859 0 902

872 94 737
0 0 609 1582

0 0 701
1932 0 0 239

0 0 220
487 547 0 0

0 0 385
1807 1170 0 524

0 0 659
0 1519 1423 0

223 1773 17
0 0 225 1767

1171 0 790
1836 356 790 0

988 1747 23
971 1747 0 0

0 1403 96
0 1383 0 1396

0 1030 612
0 0 534 44

0 0 28
0 0 1163 0

1149 766 329
0 415 1426 771

938 0 750
0 1790 0 180

0 330 428
0 0 0 475

0 0 688
655 1060 0 0

172 0 194
0 1997 64 0

1837 0 50
0 0 1805 0

90 0 199
0 0 967 1905

0 579 914
1111 96 0 0

0 0 893
584 0 0 0

630 0 995
0 1932 0 1608

0 0 473
1824 0 617 0

0 0 370
0 1425 1806 0

811 0 27
815 0 965 378

0 1000 600
0 1577 1050 1240

0 1150 782
1527 1906 585 1327

916 0 379
925 0 821 0

0 0 893
0 0 546 1491

0 952 703
0 1133 0 1488

0 0 772
104 499 0 0

1124 0 399
1163 0 710 0

936 28 305
1016 0 743 160

969 0 16
957 0 578 96

0 0 332
563 0 0 0

0 0 284
221 882 0 0

0 0 499
0 130 959 0

0 80 749
197 0 637 0

0 0 78
398 1366 1071 0

193 0 220
0 0 271 0

1509 0 101
1519 0 0 387

485 0 105
1299 1512 1890 0

0 0 134
0 0 519 458

0 823 838
0 0 0 781

1083 0 71
1112 0 0 0

0 567 963
0 891 1848 391

0 1798 124
66 1720 0 0

0 1136 37
0 0 309 1799

1495 0 363
1397 0 1565 0

0 0 756
543 0 1612 1984

385 0 145
0 390 402 232

1283 0 72
0 0 1314 0

484 154 443
1097 0 611 0

948 0 211
505 1616 1652 709

1539 0 6
1541 0 1536 0

787 360 774
461 0 580 0

0 148 410
492 1699 1936 59

152 0 615
573 0 0 1288

1223 0 554
748 0 0 559

570 11 25
509 1958 1761 0

0 1300 150
812 0 0 1281

649 0 47
603 0 0 0

0 125 185
0 0 28 0

0 0 320
0 0 891 1119

0 0 803
0 0 0 383

737 0 326
923 0 0 1379

0 1303 492
0 1063 937 1240

0 0 303
952 360 0 0

353 0 932
751 697 549 106

0 1562 375
0 852 0 1448

0 849 148
0 0 0 746

899 0 306
897 0 0 0

0 0 330
510 0 294 0

0 901 916
0 1941 1878 1559

0 0 335
745 1471 0 0

0 392 757
0 168 0 287

0 0 123
1593 0 0 0

0 0 475
0 0 0 1600

749 0 26
772 0 0 1328

0 1400 547
0 0 0 642

0 0 233
0 0 0 77

0 494 997
1865 925 0 0

0 0 289
0 0 522 0

475 0 105
0 0 464 0

837 532 897
0 313 63 1770

0 1095 563
0 653 0 1081

24 0 162
0 126 0 99

0 790 890
898 0 1555 1242

690 1984 1
0 0 690 1984

0 461 819
1128 0 0 0

91 1106 336
0 893 584 0

0 226 655
0 1133 961 0

1576 304 89
17 0 0 0

1002 0 412
0 0 348 0

646 0 778
0 1186 0 1390

0 210 872
0 735 203 0

434 1520 403
303 1408 1123 0

516 0 867
1377 0 1428 0

564 0 220
480 0 0 12

0 403 526
0 1949 0 0

1413 0 370
881 1941 0 957

1094 1030 353
1003 768 0 0

0 160 80
0 1307 0 132

0 1075 781
0 1489 1942 0

0 0 891
0 0 507 0

1008 0 614
0 0 1083 0

0 0 592
1012 269 1195 0

848 0 608
1221 1647 0 1256

869 0 914
1075 0 1670 865

540 0 322
0 846 0 824

0 0 634
1794 0 0 177

0 0 394
0 1992 731 631

0 0 650
274 961 0 0

0 52 170
1394 0 954 484

1905 1607 8
1907 1613 1912 1605

1358 583 287
0 625 1234 657

610 38 110
1048 1039 0 704

0 518 33
0 884 1523 1872

0 1030 515
0 643 52 1347

0 0 860
1331 0 1259 869

1099 797 447
0 0 1047 427

1461 121 279
1346 0 1690 0

133 0 407
936 1422 1782 0

0 0 713
0 0 761 0

1068 1781 165
1614 0 952 1710

0 0 644
0 0 0 1990

1358 0 490
0 1893 123 992

0 0 340
568 1909 324 0

600 344 116
91 0 704 349

0 414 564
0 1042 0 0

0 0 293
0 0 1074 0
