768.000000
764.000000
258.708892
891.000000
1685.180816
1002.000000
100.000000
530.539470
545.124966
1079.000000
316.000000
864.000000
437.544009
956.000000
360.000000
308.000000
211.000000
397.731405
9.000000
777.000000
456.000000
155.000000
24.000000
505.898353
1040.836818
844.031411
188.000000
1009.000000
228.000000
562.000000
199.249269
725.000000
822.000000
308.000000
744.911688
1302.000000
232.000000
144.000000
731.643354
293.000000
565.000000
720.000000
1758.000000
1030.000000
457.014651
911.000000
534.017240
764.000000
41.933787
785.000000
540.000000
30.000000
1284.730408
1478.000000
256.000000
227.000000
381.000000
927.000000
459.000000
846.000000
1084.778623
672.000000
790.000000
71.000000
114.867962
1008.429616
54.000000
1710.969321
1054.000000
93.000000
500.000000
1728.788058
381.000000
1816.000000
172.280279
496.640103
682.000000
697.030090
747.000000
1830.000000
1239.597244
222.964383
895.000000
1025.065361
1073.000000
813.000000
139.496913
117.000000
1041.630963
470.000000
815.273188
1475.000000
1920.000000
544.498370
70.000000
797.805550
1221.651733
371.927644
17.641858
493.000000
584.722582
1377.000000
296.000000
1774.065968
96.000000
1752.000000
1149.000000
672.000000
94.000000
160.000000
877.000000
126.709920
1798.000000
1202.000000
1384.000000
1526.000000
769.354553
789.000000
1506.705265
889.000000
1115.000000
477.000000
1325.330116
1074.182706
261.658561
1164.000000
272.000000
85.000000
933.000000
338.000000
1390.363681
692.000000
434.571217
866.825780
79.000000
848.000000
66.521465
76.003490
510.562065
799.000000
1624.000000
371.292646
1055.000000
774.000000
110.000000
90.000000
137.000000
146.158106
392.000000
598.595263
108.000000
619.000000
1078.000000
21.000000
412.000000
1412.000000
230.000000
92.000000
558.000000
971.183810
538.000000
982.594065
31.000000
1293.000000
1393.812672
1692.000000
960.584024
337.552058
170.021910
608.000000
1872.000000
861.411997
688.000000
275.410329
296.000000
253.000000
812.000000
666.594438
388.184189
1537.295510
1245.373149
1182.000000
1858.087048
1904.000000
1032.155616
220.000000
274.922887
200.000000
902.182403
623.000000
157.000000
525.000000
887.923295
36.000000
63.000000
423.158745
703.000000
610.000000
1620.000000
288.000000
1606.000000
698.000000
379.880278
269.000000
906.000000
901.000000
786.000000
116.000000
1449.370483
497.000000
1502.000000
932.000000
807.000000
750.000000
1005.279081
342.000000
1956.000000
1572.000000
553.000000
1064.183886
1208.000000
394.000000
770.000000
1383.592168
352.000000
553.365512
830.000000
1484.000000
576.000000
398.000000
1212.358416
379.931452
734.000000
313.000000
482.000000
1286.000000
1586.290150
435.000000
428.000000
443.000000
927.000000
1053.422978
702.000000
277.000000
1146.000000
807.256458
14.000000
860.000000
54.589994
167.000000
1029.000000
731.094763
1124.000000
1234.000000
350.000000
1576.000000
531.051248
806.000000
310.896953
1061.903174
672.000000
978.000000
132.000000
1292.000000
1008.753549
1190.261999
376.000000
896.000000
583.000000
769.000000
1578.000000
5.236068
662.000000
553.000000
457.563877
654.000000
1326.697650
1122.838655
65.000000
146.000000
1748.197311
441.000000
110.291706
1025.659894
1538.877937
195.000000
926.000000
584.000000
1283.420277
416.000000
123.000000
24.000000
1714.517780
392.000000
850.000000
371.000000
479.000000
464.946693
172.180340
90.000000
143.000000
420.354211
748.000000
1008.000000
808.534282
726.000000
1149.000000
42.000000
680.000000
1291.458779
1232.000000
414.000000
741.000000
663.000000
1274.201324
548.455856
246.137769
1488.000000
682.000000
807.000000
26.000000
875.000000
1115.053653
37.000000
1324.049688
989.914682
874.000000
631.348960
190.000000
200.000000
1517.230277
1002.201036
1808.000000
229.205624
336.000000
1044.000000
508.000000
886.036944
732.000000
1098.000000
215.000000
817.000000
652.518436
299.000000
727.618402
148.000000
1076.000000
592.000000
176.439338
858.000000
1046.330285
1416.000000
257.000000
111.000000
920.000000
1044.000000
741.000000
118.111311
1095.848699
1160.991318
882.000000
542.295462
846.000000
62.806252
600.000000
71.808652
24.000000
1690.850670
667.000000
1426.000000
1474.000000
938.191995
220.000000
770.000000
1318.000000
23.324555
912.756208
40.000000
103.000000
1224.000000
28.000000
391.242562
1500.000000
428.000000
688.000000
302.000000
82.000000
279.252625
1490.850491
893.000000
1990.000000
946.000000
740.000000
31.000000
1149.396646
1393.190641
379.000000
893.000000
884.000000
772.000000
399.000000
321.294197
28.000000
332.000000
284.000000
627.821778
961.624081
156.000000
220.000000
103.468862
210.000000
134.000000
880.000000
71.000000
1275.754686
226.176318
74.000000
363.000000
1299.000000
290.000000
72.000000
642.612124
422.000000
6.000000
1189.269792
820.000000
999.653061
1029.000000
50.000000
169.000000
93.000000
310.000000
320.000000
803.000000
480.571403
727.829274
303.000000
1154.827287
489.000000
251.000000
308.000000
624.000000
1832.000000
335.000000
862.000000
123.000000
475.000000
45.884270
1094.000000
233.000000
1439.556626
289.000000
116.000000
1723.758026
577.000000
263.867561
1780.000000
1.000000
1280.000000
567.624696
1241.690218
178.000000
824.000000
1556.000000
1011.767156
575.351385
1728.000000
304.000000
526.000000
740.000000
630.353565
80.000000
1109.542142
891.000000
614.000000
1184.000000
1216.000000
1120.000000
644.000000
810.144759
788.000000
650.000000
340.000000
12.875990
431.402216
220.000000
66.000000
543.507567
1720.000000
820.636187
400.000000
814.000000
713.000000
301.003676
644.000000
980.000000
664.000000
163.110348
564.000000
293.000000
