198
1 1 1
3
3 4 5
4
7 7 1
7
1000000000000 1 1
1000000000002
653 32 1230
556
39 4 29
7
35 41 37
106
29 48 24
94
32 29 25
30
26 36 22
74
4 15 34
50
19 36 31
25
20 11 6
24
28 4 16
40
21 38 50
22
38 26 21
70
33 38 18
85
1362806 9637722 7058502
1977778
1159652 9711153 312878
1495426
3377413 9950084 2868413
11985971
689008 3508527 5686348
615514
4140848 5815343 5146349
14109660
7048211 8685039 7549598
22481440
4430179 9355845 4672706
12194599
7985930 9569776 6121529
18475752
2010344 3004454 1800498
6278167
5885057 2687399 8951175
5035557
4792000 1785765 4144844
8883598
2810158 4898812 406946
7000645
18190633489 83578833264 20863098676
52515023334
57814135262 46171158951 13343448109
68951653520
20846177809 30860288026 987779564
46565755486
17964018705 65273511246 31105494141
50314587302
28133773839 72608065996 5681311908
43120633686
66977089037 56944425814 82337384434
197258589648
98564133914 53043597217 21180174395
34013735008
64139288192 34311997200 48112755322
121348738051
51741562991 99687325033 13939616071
144233234402
72283793455 66061351779 86535283095
355975292
47897402498 58932763704 55080125866
152946315811
43310090212 21475482273 20328413513
70841109725
626333460107 666760469323 313414761518
656725177609
503832174890 917383384318 845748922941
1647508415774
706484443531 466016836073 435981479176
1514977500901
100489160883 923912918759 462258494532
95912411851
392857606821 404636675251 534279348968
1179342316622
844166403055 777778961952 108199579541
1722942659245
410989660016 590114992301 572561515508
763788223944
418496129223 300609398790 530300495241
1015225961325
244407534832 956536017325 744413242574
1797565825952
892437032669 635246552291 194241815394
105429236738
580783397299 349383150298 207889734969
690164647590
271281576404 789227539981 962212822048
1863718050608
26 26 26
33
61 61 61
97
85 85 85
119
79 79 79
216
32 32 32
18
31 31 31
12
68 68 68
191
45 45 45
129
86 86 86
82
13 13 13
12
32701729912 32701729912 32701729912
98064180824
46291568432 46291568432 46291568432
79822121054
60221394423 60221394423 60221394423
20767837386
35489922699 35489922699 35489922699
4913886416
56555791800 56555791800 56555791800
23213053963
68260176158 68260176158 68260176158
52267160656
85106989680 85106989680 85106989680
20509960668
18121898115 18121898115 18121898115
22097435614
55551446643 55551446643 55551446643
37599143362
56305412628 56305412628 56305412628
65705003776
65647735755 65647735755 65647735755
180537813277
66821215108 66821215108 66821215108
26015361630
422956283443 422956283443 422956283443
87027816312
228133154414 228133154414 228133154414
507231850784
222181153250 222181153250 222181153250
428718850508
330907710080 330907710080 330907710080
632493751189
680476675966 680476675966 680476675966
670069102921
891982839604 891982839604 891982839604
1781660401300
737297275510 737297275510 737297275510
1043058569267
924923630217 924923630217 924923630217
235115274967
915754740899 915754740899 915754740899
1685177154207
898069788816 898069788816 898069788816
1650509712088
726158833853 726158833853 726158833853
932704193638
654823868612 654823868612 654823868612
1464208169353
12 12 59
21
39 49 39
70
98 77 77
239
67 67 75
23
14 14 6
10
47 47 49
143
62 62 18
20
75 8 8
20
45 58 45
137
19 19 9
5
91 91 9
29
54 54 75
168
37946 37946 92329
35350
92424 58936 92424
144202
82153 9362 9362
22355
99913 2753 2753
25082
28973 83433 28973
124635
28257 28257 27927
83919
3654 3654 31248
18552
88535 59293 88535
44603
3924 70696 70696
24199
24369 24369 27043
30105
6183 83041 6183
5679
1077 1077 40737
25362
63930398284 63930398284 30378117417
48312793795
45571515417 45571515417 29456008186
91869353001
92090466298 31190728339 31190728339
128742689017
23998268886 91584426694 91584426694
196164386862
90694269533 92351177 90694269533
26997767
24865128007 53593715204 24865128007
89477595470
43118509150 43118509150 42502386666
128416263047
39177990775 39177990775 7640149761
4511435474
21580785752 21580785752 28080423121
19325998009
31043135663 831337362 31043135663
1376466048
89284296662 40657861169 40657861169
154805329697
46152004189 46152004189 42079772218
130145169291
460837220854 460837220854 299774813721
325014188660
884634120889 437379550020 437379550020
1306653465466
151369432901 151369432901 182241941000
462720469723
119755690359 119755690359 878819376049
276314988056
777229231787 365144179599 777229231787
127733006877
411818993712 171482843497 411818993712
641325335864
267800814278 267800814278 505207425358
951345112894
769229758967 769229758967 836214927899
168741377475
579190957167 579190957167 362324512540
968643772132
826093310321 826093310321 771643087115
1390815007575
496424179646 289161382390 289161382390
613723873622
957887351385 247067893127 247067893127
611944281520
40099900800 40099900800 40099900800
99999999999
100000000000 100000000000 100000000000
245489794516
1000000000 1000000000 1000000000
3000000000
1000000000000 1000000000000 1000000000000
3000000000000
1000000000000 1000000000000 1000000000000
1000000000000
1000000000000 1000000000000 1000000000000
1000000000002
999999999999 999999999999 999999999999
999999999999
10000000000 10000000000 10000000000
30000000000
999999999999 999999999999 999999999999
2874536542514
1000000000000 1000000000000 1000000000000
200000000007
1000000000000 100000000000 10000000000
23423434
100000000000 100000000000 99999999999
200000009000
250000000000 500000000000 1000000000000
999999987655
1000000000000 1000000000000 1000000000000
2999999999999
300000000000 300000000000 300000000000
900000000000
9 8 7
1
1000000000000 100000000000 1
1100000000001
3 3 3
5
1000000000000 1 1000000000000
1000000000000
3 7 5
15
1000000000000 1000000000000 300000000000
900000000000
10000000000 100000000000 900000000000
100000000005
2 1000 1
1000
2 1 3
1
1 2 4
1
999999999 999999999 999999999
999999999
1 1 1
2
100 101 300
449
999999999997 999999999859 999999999869
2999999999720
1 2 2
4
10 20 30
31
4 4 4
3
1 2 1000
10
2 3 4
7
100000000000 100000000000 100000000000
300000000000
1230 32 653
1915
1 10 100
60
1466076707 205375936 1303299017
820489468
100 100 200
350
1 2 100
6
4 4 4
5
1000000000000 999999999999 999999999999
1999999999999
2 3 5
7
1000000000000 99999999999 999999999999
999999999999
1 1000000000000 1000000000000
1000000000009
7 4 3
10
10000000000 20000000000 30000000000
50000000000
1 2 3
5
9999999999 9999999999 9999999999
10000000000
4 4 2
9
3 4 5
10
2 5 5
9
1 3 3
5
2 1 1
2
100 100 50
151
1000000000 1000000000 1000000000
2
100 300 200
401
10000000000 10000000000 10000000000
10000000000
1000000000000 999999999999 99999999999
1999999999999
7 3 3
10
2 5 8
11
2 2 1
3
3 6 4
13
